0.0	20
0.01	20
0.02	20
0.03	20
0.04	20
0.05	20
0.06	20
0.07	20
0.08	19
0.09	19
0.1	19
0.11	19
0.12	19
0.13	19
0.14	19
0.15	19
0.16	19
0.17	19
0.18	19
0.19	19
0.2	19
0.21	19
0.22	19
0.23	19
0.24	19
0.25	19
0.26	19
0.27	19
0.28	19
0.29	19
0.3	19
0.31	19
0.32	19
0.33	19
0.34	19
0.35000000000000003	19
0.36	19
0.37	19
0.38	19
0.39	19
0.4	19
0.41000000000000003	19
0.42	19
0.43	19
0.44	19
0.45	19
0.46	19
0.47000000000000003	19
0.48	19
0.49	19
0.5	19
0.51	19
0.52	19
0.53	19
0.54	19
0.55	19
0.56	19
0.5700000000000001	19
0.58	19
0.59	18
0.6	18
0.61	18
0.62	18
0.63	18
0.64	18
0.65	18
0.66	18
0.67	18
0.68	18
0.6900000000000001	18
0.7000000000000001	18
0.71	18
0.72	18
0.73	18
0.74	18
0.75	18
0.76	18
0.77	18
0.78	18
0.79	18
0.8	18
0.81	18
0.8200000000000001	18
0.8300000000000001	19
0.84	19
0.85	19
0.86	19
0.87	19
0.88	19
0.89	19
0.9	20
0.91	20
0.92	21
0.93	21
0.9400000000000001	21
0.9500000000000001	22
0.96	22
0.97	22
0.98	22
0.99	21
1.0	21
1.01	22
1.02	21
1.03	22
1.04	22
1.05	22
1.06	21
1.07	21
1.08	21
1.09	21
1.1	21
1.11	20
1.12	20
1.1300000000000001	20
1.1400000000000001	21
1.1500000000000001	21
1.16	22
1.17	23
1.18	24
1.19	25
1.2	25
1.21	25
1.22	25
1.23	25
1.24	25
1.25	25
1.26	25
1.27	25
1.28	25
1.29	26
1.3	26
1.31	27
1.32	27
1.33	27
1.34	27
1.35	27
1.36	27
1.37	27
1.3800000000000001	28
1.3900000000000001	28
1.4000000000000001	28
1.41	27
1.42	27
1.43	27
1.44	27
1.45	26
1.46	26
1.47	26
1.48	26
1.49	26
1.5	26
1.51	26
1.52	27
1.53	27
1.54	25
1.55	25
1.56	25
1.57	27
1.58	26
1.59	26
1.6	26
1.61	26
1.62	26
1.6300000000000001	26
1.6400000000000001	26
1.6500000000000001	26
1.6600000000000001	26
1.67	26
1.68	26
1.69	26
1.7	26
1.71	26
1.72	26
1.73	25
1.74	25
1.75	25
1.76	25
1.77	24
1.78	24
1.79	24
1.8	24
1.81	24
1.82	25
1.83	25
1.84	26
1.85	26
1.86	26
1.87	26
1.8800000000000001	26
1.8900000000000001	26
1.9000000000000001	26
1.9100000000000001	26
1.92	26
1.93	26
1.94	26
1.95	26
1.96	26
1.97	25
1.98	25
1.99	25
2.0	25
2.0100000000000002	25
2.02	25
2.0300000000000002	25
2.04	24
2.05	25
2.06	25
2.07	25
2.08	25
2.09	25
2.1	26
2.11	25
2.12	25
2.13	25
2.14	25
2.15	25
2.16	24
2.17	25
2.18	24
2.19	25
2.2	25
2.21	25
2.22	25
2.23	24
2.24	24
2.25	23
2.2600000000000002	23
2.27	23
2.2800000000000002	23
2.29	23
2.3000000000000003	24
2.31	24
2.32	24
2.33	24
2.34	24
2.35	24
2.36	23
2.37	24
2.38	24
2.39	24
2.4	24
2.41	24
2.42	24
2.43	24
2.44	24
2.45	23
2.46	23
2.47	23
2.48	23
2.49	24
2.5	25
2.5100000000000002	25
2.52	25
2.5300000000000002	25
2.54	25
2.5500000000000003	25
2.56	25
2.57	25
2.58	26
2.59	26
2.6	26
2.61	26
2.62	26
2.63	25
2.64	25
2.65	24
2.66	24
2.67	25
2.68	26
2.69	26
2.7	26
2.71	26
2.72	26
2.73	26
2.74	26
2.75	25
2.7600000000000002	25
2.77	25
2.7800000000000002	25
2.79	25
2.8000000000000003	25
2.81	25
2.82	26
2.83	26
2.84	26
2.85	26
2.86	26
2.87	26
2.88	25
2.89	25
2.9	24
2.91	24
2.92	24
2.93	24
2.94	24
2.95	24
2.96	24
2.97	24
2.98	23
2.99	23
3.0	22
3.0100000000000002	22
3.02	22
3.0300000000000002	22
3.04	22
3.0500000000000003	22
3.06	21
3.0700000000000003	21
3.08	21
3.09	21
3.1	21
3.11	21
3.12	20
3.13	20
3.14	20
3.15	20
3.16	20
3.17	20
3.18	20
3.19	20
3.2	21
3.21	21
3.22	21
3.23	22
3.24	22
3.25	22
3.2600000000000002	22
3.27	22
3.2800000000000002	22
3.29	22
3.3000000000000003	22
3.31	22
3.3200000000000003	22
3.33	22
3.34	21
3.35	20
3.36	19
3.37	19
3.38	19
3.39	19
3.4	19
3.41	19
3.42	19
3.43	19
3.44	19
3.45	19
3.46	19
3.47	19
3.48	19
3.49	18
3.5	18
3.5100000000000002	18
3.52	19
3.5300000000000002	19
3.54	19
3.5500000000000003	19
3.56	19
3.5700000000000003	19
3.58	20
3.59	20
3.6	21
3.61	21
3.62	21
3.63	22
3.64	22
3.65	22
3.66	22
3.67	22
3.68	22
3.69	22
3.7	21
3.71	21
3.72	21
3.73	20
3.74	20
3.75	20
3.7600000000000002	20
3.77	21
3.7800000000000002	22
3.79	22
3.8000000000000003	22
3.81	22
3.8200000000000003	23
3.83	22
3.84	22
3.85	23
3.86	23
3.87	23
3.88	23
3.89	23
3.9	23
3.91	23
3.92	23
3.93	23
3.94	23
3.95	23
3.96	23
3.97	23
3.98	20
3.99	23
4.0	23
4.01	23
4.0200000000000005	23
4.03	23
4.04	23
4.05	23
4.0600000000000005	23
4.07	23
4.08	23
4.09	23
4.1	23
4.11	23
4.12	23
4.13	23
4.14	23
4.15	23
4.16	23
4.17	23
4.18	23
4.19	23
4.2	23
4.21	23
4.22	22
4.23	23
4.24	23
4.25	23
4.26	22
4.2700000000000005	22
4.28	22
4.29	22
4.3	22
4.3100000000000005	22
4.32	22
4.33	22
4.34	22
4.3500000000000005	23
4.36	23
4.37	23
4.38	23
4.39	23
4.4	24
4.41	23
4.42	23
4.43	23
4.44	23
4.45	23
4.46	23
4.47	23
4.48	24
4.49	24
4.5	24
4.51	24
4.5200000000000005	25
4.53	25
4.54	25
4.55	25
4.5600000000000005	25
4.57	25
4.58	25
4.59	24
4.6000000000000005	24
4.61	26
4.62	27
4.63	27
4.64	27
4.65	27
4.66	28
4.67	28
4.68	29
4.69	33
4.7	34
4.71	34
4.72	34
4.73	33
4.74	34
4.75	34
4.76	34
4.7700000000000005	33
4.78	33
4.79	28
4.8	31
4.8100000000000005	34
4.82	34
4.83	33
4.84	33
4.8500000000000005	33
4.86	33
4.87	33
4.88	32
4.89	31
4.9	30
4.91	29
4.92	29
4.93	29
4.94	27
4.95	26
4.96	27
4.97	27
4.98	27
4.99	27
5.0	26
5.01	25
5.0200000000000005	25
5.03	25
5.04	25
5.05	26
5.0600000000000005	27
5.07	27
5.08	27
5.09	28
5.1000000000000005	28
5.11	28
5.12	29
5.13	33
5.14	34
5.15	35
5.16	35
5.17	37
5.18	38
5.19	38
5.2	38
5.21	39
5.22	39
5.23	40
5.24	41
5.25	45
5.26	55
5.2700000000000005	57
5.28	64
5.29	65
5.3	66
5.3100000000000005	67
5.32	69
5.33	72
5.34	70
5.3500000000000005	70
5.36	68
5.37	63
5.38	59
5.39	36
5.4	39
5.41	56
5.42	61
5.43	61
5.44	62
5.45	61
5.46	60
5.47	59
5.48	59
5.49	59
5.5	60
5.51	59
5.5200000000000005	57
5.53	56
5.54	56
5.55	55
5.5600000000000005	55
5.57	55
5.58	52
5.59	51
5.6000000000000005	50
5.61	50
5.62	51
5.63	50
5.64	51
5.65	50
5.66	54
5.67	49
5.68	51
5.69	50
5.7	54
5.71	49
5.72	51
5.73	44
5.74	45
5.75	45
5.76	45
5.7700000000000005	45
5.78	45
5.79	54
5.8	41
5.8100000000000005	46
5.82	54
5.83	44
5.84	51
5.8500000000000005	50
5.86	44
5.87	44
5.88	44
5.89	44
5.9	44
5.91	44
5.92	55
5.93	44
5.94	51
5.95	50
5.96	50
5.97	50
5.98	50
5.99	51
6.0	50
6.01	48
6.0200000000000005	48
6.03	48
6.04	43
6.05	43
6.0600000000000005	44
6.07	45
6.08	46
6.09	48
6.1000000000000005	44
6.11	44
6.12	43
6.13	43
6.140000000000001	43
6.15	43
6.16	44
6.17	45
6.18	46
6.19	47
6.2	47
6.21	46
6.22	46
6.23	46
6.24	45
6.25	44
6.26	45
6.2700000000000005	49
6.28	52
6.29	50
6.3	52
6.3100000000000005	52
6.32	52
6.33	46
6.34	44
6.3500000000000005	42
6.36	41
6.37	40
6.38	38
6.390000000000001	36
6.4	36
6.41	35
6.42	35
6.43	35
6.44	35
6.45	35
6.46	35
6.47	35
6.48	35
6.49	35
6.5	36
6.51	38
6.5200000000000005	38
6.53	40
6.54	40
6.55	40
6.5600000000000005	40
6.57	39
6.58	38
6.59	38
6.6000000000000005	38
6.61	36
6.62	35
6.63	35
6.640000000000001	35
6.65	40
6.66	40
6.67	41
6.68	41
6.69	41
6.7	41
6.71	42
6.72	42
6.73	42
6.74	42
6.75	42
6.76	42
6.7700000000000005	41
6.78	42
6.79	42
6.8	41
6.8100000000000005	42
6.82	40
6.83	40
6.84	40
6.8500000000000005	39
6.86	38
6.87	38
6.88	38
6.890000000000001	38
6.9	38
6.91	37
6.92	36
6.93	36
6.94	36
6.95	36
6.96	35
6.97	36
6.98	36
6.99	36
7.0	36
7.01	37
7.0200000000000005	37
7.03	37
7.04	37
7.05	38
7.0600000000000005	38
7.07	38
7.08	38
7.09	37
7.1000000000000005	37
7.11	36
7.12	36
7.13	36
7.140000000000001	36
7.15	36
7.16	35
7.17	35
7.18	36
7.19	37
7.2	38
7.21	38
7.22	38
7.23	38
7.24	38
7.25	37
7.26	37
7.2700000000000005	36
7.28	36
7.29	36
7.3	36
7.3100000000000005	36
7.32	36
7.33	36
7.34	38
7.3500000000000005	38
7.36	38
7.37	38
7.38	38
7.390000000000001	38
7.4	38
7.41	39
7.42	39
7.43	39
7.44	39
7.45	39
7.46	39
7.47	38
7.48	38
7.49	38
7.5	38
7.51	38
7.5200000000000005	38
7.53	38
7.54	38
7.55	38
7.5600000000000005	38
7.57	38
7.58	38
7.59	37
7.6000000000000005	38
7.61	39
7.62	40
7.63	40
7.640000000000001	42
7.65	41
7.66	41
7.67	40
7.68	40
7.69	40
7.7	39
7.71	39
7.72	40
7.73	41
7.74	41
7.75	41
7.76	40
7.7700000000000005	40
7.78	40
7.79	42
7.8	43
7.8100000000000005	43
7.82	44
7.83	44
7.84	44
7.8500000000000005	45
7.86	45
7.87	45
7.88	46
7.890000000000001	50
7.9	52
7.91	52
7.92	52
7.930000000000001	54
7.94	65
7.95	68
7.96	69
7.97	70
7.98	70
7.99	70
8.0	70
8.01	71
8.02	72
8.03	73
8.040000000000001	74
8.05	74
8.06	68
8.07	66
8.08	64
8.09	41
8.1	43
8.11	60
8.120000000000001	64
8.13	64
8.14	64
8.15	64
8.16	64
8.17	64
8.18	64
8.19	63
8.2	63
8.21	62
8.22	62
8.23	60
8.24	60
8.25	59
8.26	59
8.27	59
8.28	59
8.290000000000001	57
8.3	57
8.31	57
8.32	57
8.33	57
8.34	57
8.35	55
8.36	55
8.370000000000001	55
8.38	54
8.39	53
8.4	52
8.41	43
8.42	42
8.43	42
8.44	42
8.45	41
8.46	40
8.47	39
8.48	38
8.49	38
8.5	38
8.51	38
8.52	38
8.53	38
8.540000000000001	39
8.55	38
8.56	38
8.57	37
8.58	34
8.59	37
8.6	34
8.61	32
8.620000000000001	27
8.63	33
8.64	33
8.65	34
8.66	37
8.67	36
8.68	34
8.69	33
8.700000000000001	33
8.71	33
8.72	33
8.73	34
8.74	37
8.75	37
8.76	37
8.77	37
8.78	37
8.790000000000001	38
8.8	39
8.81	39
8.82	39
8.83	39
8.84	39
8.85	39
8.86	39
8.870000000000001	39
8.88	39
8.89	40
8.9	40
8.91	40
8.92	40
8.93	44
8.94	44
8.950000000000001	44
8.96	44
8.97	44
8.98	44
8.99	45
9.0	46
9.01	46
9.02	45
9.03	45
9.040000000000001	46
9.05	48
9.06	52
9.07	51
9.08	50
9.09	49
9.1	44
9.11	40
9.120000000000001	31
9.13	28
9.14	28
9.15	27
9.16	27
9.17	26
9.18	24
9.19	24
9.200000000000001	23
9.21	23
9.22	23
9.23	22
9.24	22
9.25	22
9.26	22
9.27	22
9.28	22
9.290000000000001	21
9.3	21
9.31	21
9.32	20
9.33	20
9.34	20
9.35	20
9.36	21
9.370000000000001	21
9.38	21
9.39	21
9.4	21
9.41	21
9.42	20
9.43	20
9.44	20
9.450000000000001	20
9.46	23
9.47	22
9.48	22
9.49	22
9.5	22
9.51	22
9.52	22
9.53	22
9.540000000000001	22
9.55	22
9.56	22
9.57	22
9.58	22
9.59	22
9.6	22
9.61	22
9.620000000000001	22
9.63	22
9.64	22
9.65	22
9.66	22
9.67	22
9.68	22
9.69	22
9.700000000000001	22
9.71	22
9.72	22
9.73	23
9.74	23
9.75	23
9.76	23
9.77	24
9.78	27
9.790000000000001	27
9.8	27
9.81	27
9.82	27
9.83	27
9.84	27
9.85	27
9.86	26
9.870000000000001	26
9.88	26
9.89	25
9.9	25
9.91	25
9.92	24
9.93	24
9.94	23
9.950000000000001	23
9.96	23
9.97	23
9.98	23
9.99	23
10.0	23
10.01	23
10.02	23
10.03	23
10.040000000000001	23
10.05	23
10.06	23
10.07	23
10.08	23
10.09	22
10.1	22
10.11	22
10.120000000000001	22
10.13	22
10.14	22
10.15	22
10.16	22
10.17	23
10.18	23
10.19	23
10.200000000000001	23
10.21	23
10.22	23
10.23	23
10.24	23
10.25	23
10.26	23
10.27	23
10.28	23
10.290000000000001	23
10.3	23
10.31	23
10.32	23
10.33	23
10.34	23
10.35	23
10.36	23
10.370000000000001	23
10.38	23
10.39	23
10.4	23
10.41	23
10.42	23
10.43	23
10.44	23
10.450000000000001	23
10.46	23
10.47	23
10.48	23
10.49	24
10.5	24
10.51	24
10.52	24
10.53	24
10.540000000000001	23
10.55	23
10.56	23
10.57	23
10.58	23
10.59	23
10.6	22
10.61	22
10.620000000000001	22
10.63	22
10.64	22
10.65	22
10.66	22
10.67	22
10.68	22
10.69	22
10.700000000000001	22
10.71	23
10.72	23
10.73	23
10.74	23
10.75	23
10.76	22
10.77	22
10.78	22
10.790000000000001	22
10.8	22
10.81	22
10.82	22
10.83	22
10.84	22
10.85	22
10.86	22
10.870000000000001	22
10.88	22
10.89	22
10.9	22
10.91	22
10.92	23
10.93	23
10.94	23
10.950000000000001	23
10.96	22
10.97	22
10.98	22
10.99	22
11.0	23
11.01	23
11.02	23
11.03	23
11.040000000000001	23
11.05	23
11.06	25
11.07	25
11.08	25
11.09	25
11.1	25
11.11	25
11.120000000000001	25
11.13	25
11.14	24
11.15	24
11.16	23
11.17	23
11.18	23
11.19	22
11.200000000000001	22
11.21	22
11.22	22
11.23	22
11.24	23
11.25	23
11.26	23
11.27	23
11.28	23
11.290000000000001	23
11.3	23
11.31	23
11.32	23
11.33	22
11.34	22
11.35	22
11.36	22
11.370000000000001	22
11.38	22
11.39	22
11.4	22
11.41	22
11.42	22
11.43	22
11.44	22
11.450000000000001	22
11.46	23
11.47	23
11.48	23
11.49	23
11.5	23
11.51	23
11.52	22
11.53	22
11.540000000000001	22
11.55	22
11.56	22
11.57	22
11.58	22
11.59	22
11.6	22
11.61	22
11.620000000000001	22
11.63	22
11.64	22
11.65	22
11.66	23
11.67	23
11.68	23
11.69	23
11.700000000000001	23
11.71	23
11.72	23
11.73	23
11.74	22
11.75	22
11.76	23
11.77	23
11.78	23
11.790000000000001	24
11.8	25
11.81	25
11.82	25
11.83	26
11.84	27
11.85	29
11.86	30
11.870000000000001	30
11.88	30
11.89	30
11.9	29
11.91	29
11.92	29
11.93	30
11.94	31
11.950000000000001	31
11.96	28
11.97	27
11.98	31
11.99	33
12.0	33
12.01	33
12.02	33
12.030000000000001	34
12.040000000000001	34
12.05	35
12.06	36
12.07	36
12.08	37
12.09	37
12.1	37
12.11	37
12.120000000000001	37
12.13	38
12.14	38
12.15	39
12.16	40
12.17	40
12.18	41
12.19	41
12.200000000000001	42
12.21	42
12.22	42
12.23	42
12.24	42
12.25	44
12.26	46
12.27	47
12.280000000000001	47
12.290000000000001	44
12.3	44
12.31	47
12.32	48
12.33	56
12.34	78
12.35	78
12.36	78
12.370000000000001	78
12.38	70
12.39	48
12.4	44
12.41	44
12.42	43
12.43	43
12.44	43
12.450000000000001	44
12.46	43
12.47	43
12.48	39
12.49	37
12.5	36
12.51	36
12.52	37
12.530000000000001	37
12.540000000000001	38
12.55	38
12.56	38
12.57	36
12.58	37
12.59	37
12.6	36
12.61	37
12.620000000000001	37
12.63	37
12.64	37
12.65	37
12.66	37
12.67	36
12.68	36
12.69	36
12.700000000000001	35
12.71	34
12.72	34
12.73	33
12.74	33
12.75	33
12.76	34
12.77	34
12.780000000000001	34
12.790000000000001	34
12.8	34
12.81	33
12.82	33
12.83	33
12.84	33
12.85	33
12.86	33
12.870000000000001	32
12.88	32
12.89	31
12.9	31
12.91	30
12.92	30
12.93	29
12.94	29
12.950000000000001	29
12.96	29
12.97	29
12.98	29
12.99	29
13.0	29
13.01	29
13.02	29
13.030000000000001	29
13.040000000000001	29
13.05	29
13.06	29
13.07	29
13.08	29
13.09	29
13.1	29
13.11	29
13.120000000000001	29
13.13	22
13.14	29
13.15	22
13.16	29
13.17	29
13.18	29
13.19	29
13.200000000000001	29
13.21	29
13.22	29
13.23	27
13.24	29
13.25	27
13.26	27
13.27	27
13.280000000000001	27
13.290000000000001	26
13.3	26
13.31	26
13.32	26
13.33	25
13.34	25
13.35	26
13.36	26
13.370000000000001	26
13.38	26
13.39	26
13.4	26
13.41	26
13.42	26
13.43	26
13.44	26
13.450000000000001	26
13.46	26
13.47	26
13.48	26
13.49	27
13.5	27
13.51	27
13.52	26
13.530000000000001	26
13.540000000000001	26
13.55	26
13.56	26
13.57	26
13.58	26
13.59	26
13.6	26
13.61	26
13.620000000000001	26
13.63	26
13.64	26
13.65	26
13.66	26
13.67	26
13.68	26
13.69	29
13.700000000000001	29
13.71	29
13.72	30
13.73	31
13.74	31
13.75	33
13.76	33
13.77	33
13.780000000000001	33
13.790000000000001	33
13.8	33
13.81	33
13.82	34
13.83	35
13.84	35
13.85	36
13.86	36
13.870000000000001	36
13.88	35
13.89	35
13.9	35
13.91	34
13.92	34
13.93	34
13.94	33
13.950000000000001	33
13.96	33
13.97	33
13.98	33
13.99	33
14.0	33
14.01	34
14.02	34
14.030000000000001	35
14.040000000000001	35
14.05	37
14.06	37
14.07	37
14.08	37
14.09	37
14.1	37
14.11	38
14.120000000000001	38
14.13	39
14.14	39
14.15	39
14.16	39
14.17	39
14.18	37
14.19	37
14.200000000000001	37
14.21	37
14.22	37
14.23	37
14.24	37
14.25	36
14.26	35
14.27	35
14.280000000000001	34
14.290000000000001	34
14.3	34
14.31	34
14.32	33
14.33	31
14.34	31
14.35	37
14.36	38
14.370000000000001	40
14.38	40
14.39	38
14.4	39
14.41	43
14.42	43
14.43	52
14.44	56
14.450000000000001	55
14.46	55
14.47	57
14.48	58
14.49	62
14.5	65
14.51	67
14.52	67
14.530000000000001	65
14.540000000000001	64
14.55	63
14.56	47
14.57	35
14.58	31
14.59	27
14.6	27
14.61	31
14.620000000000001	31
14.63	31
14.64	33
14.65	33
14.66	33
14.67	33
14.68	33
14.69	33
14.700000000000001	33
14.71	31
14.72	31
14.73	31
14.74	31
14.75	31
14.76	33
14.77	33
14.780000000000001	33
14.790000000000001	33
14.8	33
14.81	33
14.82	33
14.83	33
14.84	31
14.85	27
14.86	27
14.870000000000001	25
14.88	23
14.89	23
14.9	25
14.91	25
14.92	25
14.93	25
14.94	25
14.950000000000001	25
14.96	25
14.97	25
14.98	27
14.99	27
15.0	27
15.01	27
15.02	25
15.030000000000001	25
15.040000000000001	25
15.05	25
15.06	25
15.07	25
15.08	29
15.09	29
15.1	29
15.11	31
15.120000000000001	23
15.13	23
15.14	23
15.15	23
15.16	23
15.17	31
15.18	23
15.19	23
15.200000000000001	23
15.21	23
15.22	23
15.23	23
15.24	28
15.25	28
15.26	25
15.27	23
15.280000000000001	21
15.290000000000001	18
15.3	21
15.31	22
15.32	21
15.33	21
15.34	21
15.35	21
15.36	22
15.370000000000001	23
15.38	23
15.39	23
15.4	23
15.41	23
15.42	23
15.43	23
15.44	23
15.450000000000001	25
15.46	25
15.47	25
15.48	25
15.49	25
15.5	25
15.51	25
15.52	25
15.530000000000001	25
15.540000000000001	25
15.55	25
15.56	25
15.57	24
15.58	24
15.59	24
15.6	23
15.610000000000001	23
15.620000000000001	23
15.63	23
15.64	23
15.65	23
15.66	23
15.67	23
15.68	23
15.69	23
15.700000000000001	23
15.71	23
15.72	23
15.73	23
15.74	23
15.75	24
15.76	24
15.77	26
15.780000000000001	24
15.790000000000001	23
15.8	23
15.81	23
15.82	23
15.83	23
15.84	23
15.85	23
15.860000000000001	23
15.870000000000001	23
15.88	23
15.89	24
15.9	25
15.91	25
15.92	25
15.93	25
15.94	25
15.950000000000001	25
15.96	25
15.97	25
15.98	25
15.99	25
16.0	25
16.01	24
16.02	23
16.03	23
16.04	23
16.05	24
16.06	24
16.07	25
16.080000000000002	25
16.09	25
16.1	25
16.11	26
16.12	25
16.13	25
16.14	25
16.15	24
16.16	24
16.17	24
16.18	21
16.19	21
16.2	19
16.21	19
16.22	18
16.23	21
16.240000000000002	24
16.25	25
16.26	25
16.27	25
16.28	20
16.29	19
16.3	20
16.31	21
16.32	20
16.330000000000002	20
16.34	20
16.35	20
16.36	19
16.37	19
16.38	19
16.39	19
16.4	19
16.41	20
16.42	20
16.43	20
16.44	20
16.45	20
16.46	20
16.47	20
16.48	20
16.490000000000002	20
16.5	20
16.51	19
16.52	19
16.53	19
16.54	19
16.55	19
16.56	19
16.57	19
16.580000000000002	19
16.59	19
16.6	19
16.61	19
16.62	20
16.63	20
16.64	20
16.65	20
16.66	20
16.67	20
16.68	20
16.69	20
16.7	20
16.71	21
16.72	21
16.73	21
16.740000000000002	21
16.75	21
16.76	21
16.77	21
16.78	20
16.79	20
16.8	19
16.81	19
16.82	19
16.830000000000002	19
16.84	20
16.85	20
16.86	21
16.87	21
16.88	22
16.89	22
16.9	23
16.91	23
16.92	24
16.93	24
16.94	25
16.95	25
16.96	25
16.97	25
16.98	25
16.990000000000002	25
17.0	25
17.01	25
17.02	25
17.03	25
17.04	25
17.05	25
17.06	25
17.07	25
17.080000000000002	25
17.09	25
17.1	26
17.11	26
17.12	26
17.13	30
17.14	32
17.150000000000002	34
17.16	34
17.17	34
17.18	34
17.19	34
17.2	34
17.21	34
17.22	34
17.23	34
17.240000000000002	33
17.25	33
17.26	32
17.27	32
17.28	32
17.29	30
17.3	26
17.31	22
17.32	20
17.330000000000002	20
17.34	20
17.35	20
17.36	20
17.37	20
17.38	21
17.39	21
17.400000000000002	21
17.41	21
17.42	21
17.43	21
17.44	20
17.45	20
17.46	20
17.47	20
17.48	20
17.490000000000002	21
17.5	21
17.51	21
17.52	21
17.53	21
17.54	21
17.55	21
17.56	21
17.57	21
17.580000000000002	21
17.59	21
17.6	21
17.61	21
17.62	21
17.63	21
17.64	21
17.650000000000002	21
17.66	21
17.67	21
17.68	21
17.69	21
17.7	22
17.71	22
17.72	22
17.73	22
17.740000000000002	22
17.75	22
17.76	22
17.77	22
17.78	21
17.79	21
17.8	21
17.81	21
17.82	21
17.830000000000002	21
17.84	21
17.85	22
17.86	22
17.87	22
17.88	22
17.89	22
17.900000000000002	22
17.91	22
17.92	22
17.93	21
17.94	21
17.95	22
17.96	22
17.97	23
17.98	23
17.990000000000002	22
18.0	22
18.01	22
18.02	23
18.03	23
18.04	23
18.05	22
18.06	22
18.07	22
18.080000000000002	22
18.09	22
18.1	23
18.11	23
18.12	23
18.13	23
18.14	23
18.150000000000002	23
18.16	25
18.17	29
18.18	32
18.19	32
18.2	32
18.21	32
18.22	31
18.23	31
18.240000000000002	32
18.25	33
18.26	34
18.27	34
18.28	32
18.29	31
18.3	31
18.31	37
18.32	39
18.330000000000002	39
18.34	41
18.35	39
18.36	39
18.37	37
18.38	36
18.39	36
18.400000000000002	37
18.41	35
18.42	35
18.43	37
18.44	39
18.45	39
18.46	39
18.47	39
18.48	39
18.490000000000002	39
18.5	37
18.51	37
18.52	37
18.53	35
18.54	32
18.55	31
18.56	30
18.57	30
18.580000000000002	31
18.59	31
18.6	32
18.61	32
18.62	31
18.63	31
18.64	30
18.650000000000002	30
18.66	29
18.67	30
18.68	30
18.69	30
18.7	30
18.71	30
18.72	30
18.73	30
18.740000000000002	31
18.75	31
18.76	31
18.77	31
18.78	31
18.79	31
18.8	31
18.81	31
18.82	31
18.830000000000002	31
18.84	31
18.85	31
18.86	31
18.87	30
18.88	30
18.89	30
18.900000000000002	30
18.91	30
18.92	30
18.93	29
18.94	29
18.95	29
18.96	29
18.97	28
18.98	28
18.990000000000002	28
19.0	28
19.01	26
19.02	25
19.03	24
19.04	24
19.05	24
19.06	24
19.07	24
19.080000000000002	25
19.09	25
19.1	25
19.11	26
19.12	26
19.13	26
19.14	26
19.150000000000002	26
19.16	26
19.17	26
19.18	26
19.19	26
19.2	26
19.21	25
19.22	25
19.23	25
19.240000000000002	24
19.25	24
19.26	24
19.27	24
19.28	24
19.29	25
19.3	25
19.31	25
19.32	25
19.330000000000002	25
19.34	25
19.35	25
19.36	25
19.37	25
19.38	25
19.39	25
19.400000000000002	24
19.41	24
19.42	24
19.43	25
19.44	25
19.45	26
19.46	26
19.47	26
19.48	26
19.490000000000002	26
19.5	26
19.51	26
19.52	25
19.53	25
19.54	25
19.55	25
19.56	25
19.57	25
19.580000000000002	25
19.59	24
19.6	23
19.61	22
19.62	22
19.63	22
19.64	22
19.650000000000002	22
19.66	22
19.67	22
19.68	22
19.69	22
19.7	22
19.71	22
19.72	22
19.73	22
19.740000000000002	22
19.75	22
19.76	22
19.77	22
19.78	22
19.79	22
19.8	22
19.81	23
19.82	22
19.830000000000002	22
19.84	22
19.85	22
19.86	22
19.87	22
19.88	22
19.89	22
19.900000000000002	22
19.91	22
19.92	22
19.93	22
19.94	22
19.95	22
19.96	23
19.97	24
19.98	24
19.990000000000002	24
20.0	24
20.01	24
20.02	24
20.03	24
20.04	22
20.05	22
20.06	22
20.07	22
20.080000000000002	22
20.09	22
20.1	22
20.11	22
20.12	22
20.13	22
20.14	25
20.150000000000002	25
20.16	25
20.17	25
20.18	25
20.19	25
20.2	26
20.21	25
20.22	25
20.23	25
20.240000000000002	25
20.25	25
20.26	25
20.27	25
20.28	24
20.29	22
20.3	22
20.31	22
20.32	23
20.330000000000002	25
20.34	26
20.35	28
20.36	28
20.37	28
20.38	28
20.39	28
20.400000000000002	28
20.41	28
20.42	28
20.43	28
20.44	27
20.45	26
20.46	26
20.47	26
20.48	26
20.490000000000002	26
20.5	26
20.51	25
20.52	25
20.53	25
20.54	25
20.55	25
20.56	25
20.57	25
20.580000000000002	25
20.59	25
20.6	25
20.61	25
20.62	25
20.63	25
20.64	25
20.650000000000002	26
20.66	26
20.67	26
20.68	26
20.69	26
20.7	26
20.71	27
20.72	28
20.73	28
20.740000000000002	28
20.75	28
20.76	28
20.77	28
20.78	27
20.79	26
20.8	26
20.81	25
20.82	25
20.830000000000002	25
20.84	25
20.85	26
20.86	26
20.87	26
20.88	25
20.89	26
20.900000000000002	26
20.91	26
20.92	26
20.93	25
20.94	25
20.95	25
20.96	25
20.97	25
20.98	25
20.990000000000002	25
21.0	25
21.01	25
21.02	25
21.03	25
21.04	25
21.05	25
21.06	25
21.07	25
21.080000000000002	25
21.09	25
21.1	25
21.11	25
21.12	25
21.13	25
21.14	25
21.150000000000002	25
21.16	24
21.17	24
21.18	24
21.19	24
21.2	25
21.21	25
21.22	25
21.23	25
21.240000000000002	25
21.25	25
21.26	25
21.27	25
21.28	25
21.29	25
21.3	25
21.31	25
21.32	25
21.330000000000002	25
21.34	25
21.35	25
21.36	25
21.37	25
21.38	25
21.39	25
21.400000000000002	25
21.41	26
21.42	27
21.43	27
21.44	27
21.45	26
21.46	26
21.47	24
21.48	24
21.490000000000002	26
21.5	26
21.51	26
21.52	26
21.53	26
21.54	26
21.55	26
21.56	26
21.57	26
21.580000000000002	26
21.59	25
21.6	24
21.61	24
21.62	24
21.63	24
21.64	24
21.650000000000002	24
21.66	24
21.67	22
21.68	22
21.69	21
21.7	20
21.71	19
21.72	19
21.73	19
21.740000000000002	22
21.75	22
21.76	21
21.77	22
21.78	22
21.79	22
21.8	22
21.81	22
21.82	22
21.830000000000002	23
21.84	23
21.85	23
21.86	25
21.87	25
21.88	25
21.89	24
21.900000000000002	24
21.91	25
21.92	26
21.93	26
21.94	26
21.95	26
21.96	26
21.97	26
21.98	26
21.990000000000002	27
22.0	27
22.01	27
22.02	27
22.03	25
22.04	24
22.05	27
22.06	29
22.07	29
22.080000000000002	30
22.09	30
22.1	30
22.11	30
22.12	29
22.13	29
22.14	27
22.150000000000002	26
22.16	27
22.17	29
22.18	29
22.19	29
22.2	30
22.21	30
22.22	31
22.23	31
22.240000000000002	32
22.25	32
22.26	32
22.27	33
22.28	32
22.29	32
22.3	32
22.31	32
22.32	32
22.330000000000002	31
22.34	31
22.35	30
22.36	30
22.37	29
22.38	29
22.39	28
22.400000000000002	28
22.41	28
22.42	29
22.43	29
22.44	30
22.45	30
22.46	30
22.47	29
22.48	29
22.490000000000002	29
22.5	29
22.51	29
22.52	29
22.53	29
22.54	30
22.55	30
22.56	31
22.57	31
22.580000000000002	31
22.59	30
22.6	25
22.61	24
22.62	23
22.63	24
22.64	24
22.650000000000002	24
22.66	24
22.67	25
22.68	26
22.69	26
22.7	27
22.71	27
22.72	28
22.73	28
22.740000000000002	28
22.75	28
22.76	25
22.77	25
22.78	26
22.79	26
22.8	27
22.81	27
22.82	27
22.830000000000002	27
22.84	27
22.85	27
22.86	27
22.87	27
22.88	27
22.89	27
22.900000000000002	27
22.91	27
22.92	26
22.93	26
22.94	26
22.95	27
22.96	27
22.97	27
22.98	27
22.990000000000002	27
23.0	27
23.01	27
23.02	27
23.03	27
23.04	27
23.05	27
23.06	27
23.07	27
23.080000000000002	27
23.09	27
23.1	27
23.11	27
23.12	27
23.13	27
23.14	27
23.150000000000002	26
23.16	26
23.17	26
23.18	26
23.19	26
23.2	26
23.21	26
23.22	26
23.23	26
23.240000000000002	27
23.25	27
23.26	27
23.27	27
23.28	26
23.29	26
23.3	26
23.31	26
23.32	26
23.330000000000002	26
23.34	26
23.35	26
23.36	26
23.37	26
23.38	26
23.39	26
23.400000000000002	25
23.41	25
23.42	25
23.43	25
23.44	25
23.45	25
23.46	25
23.47	25
23.48	25
23.490000000000002	25
23.5	25
23.51	25
23.52	25
23.53	25
23.54	25
23.55	25
23.56	25
23.57	25
23.580000000000002	25
23.59	25
23.6	25
23.61	25
23.62	25
23.63	25
23.64	24
23.650000000000002	25
23.66	25
23.67	25
23.68	25
23.69	25
23.7	25
23.71	25
23.72	25
23.73	25
23.740000000000002	25
23.75	25
23.76	25
23.77	25
23.78	25
23.79	25
23.8	25
23.81	25
23.82	25
23.830000000000002	25
23.84	26
23.85	26
23.86	26
23.87	26
23.88	26
23.89	26
23.900000000000002	26
23.91	25
23.92	24
23.93	24
23.94	24
23.95	24
23.96	25
23.97	25
23.98	27
23.990000000000002	27
24.0	27
24.01	27
24.02	26
24.03	25
24.04	25
24.05	25
24.060000000000002	25
24.07	26
24.080000000000002	26
24.09	27
24.1	27
24.11	27
24.12	27
24.13	27
24.14	27
24.150000000000002	27
24.16	26
24.17	25
24.18	25
24.19	25
24.2	25
24.21	27
24.22	28
24.23	28
24.240000000000002	28
24.25	29
24.26	29
24.27	29
24.28	29
24.29	30
24.3	30
24.310000000000002	29
24.32	28
24.330000000000002	29
24.34	29
24.35	29
24.36	29
24.37	29
24.38	30
24.39	30
24.400000000000002	30
24.41	31
24.42	31
24.43	30
24.44	30
24.45	30
24.46	30
24.47	31
24.48	33
24.490000000000002	35
24.5	39
24.51	39
24.52	39
24.53	37
24.54	36
24.55	35
24.560000000000002	35
24.57	33
24.580000000000002	31
24.59	30
24.6	30
24.61	31
24.62	33
24.63	35
24.64	35
24.650000000000002	35
24.66	35
24.67	35
24.68	34
24.69	34
24.7	33
24.71	33
24.72	33
24.73	33
24.740000000000002	32
24.75	31
24.76	31
24.77	31
24.78	31
24.79	32
24.8	31
24.810000000000002	30
24.82	29
24.830000000000002	30
24.84	31
24.85	31
24.86	31
24.87	31
24.88	31
24.89	30
24.900000000000002	30
24.91	30
24.92	30
24.93	30
24.94	30
24.95	30
24.96	30
24.97	29
24.98	29
24.990000000000002	27
25.0	26
25.01	26
25.02	26
25.03	26
25.04	26
25.05	26
25.060000000000002	25
25.07	25
25.080000000000002	25
25.09	25
25.1	25
25.11	25
25.12	24
25.13	24
25.14	24
25.150000000000002	24
25.16	25
25.17	25
25.18	25
25.19	25
25.2	25
25.21	25
25.22	25
25.23	25
25.240000000000002	25
25.25	25
25.26	25
25.27	25
25.28	25
25.29	25
25.3	25
25.310000000000002	25
25.32	25
25.330000000000002	25
25.34	25
25.35	25
25.36	25
25.37	25
25.38	25
25.39	26
25.400000000000002	26
25.41	26
25.42	26
25.43	26
25.44	25
25.45	25
25.46	25
25.47	25
25.48	25
25.490000000000002	25
25.5	25
25.51	24
25.52	24
25.53	24
25.54	24
25.55	24
25.560000000000002	24
25.57	24
25.580000000000002	24
25.59	24
25.6	24
25.61	24
25.62	24
25.63	24
25.64	24
25.650000000000002	24
25.66	24
25.67	25
25.68	25
25.69	25
25.7	25
25.71	25
25.72	25
25.73	25
25.740000000000002	25
25.75	25
25.76	25
25.77	25
25.78	25
25.79	23
25.8	25
25.810000000000002	24
25.82	24
25.830000000000002	24
25.84	24
25.85	24
25.86	24
25.87	24
25.88	24
25.89	24
25.900000000000002	24
25.91	25
25.92	25
25.93	25
25.94	25
25.95	25
25.96	25
25.97	25
25.98	25
25.990000000000002	25
26.0	25
26.01	25
26.02	25
26.03	25
26.04	25
26.05	25
26.060000000000002	25
26.07	25
26.080000000000002	25
26.09	25
26.1	25
26.11	25
26.12	25
26.13	25
26.14	25
26.150000000000002	25
26.16	25
26.17	24
26.18	24
26.19	24
26.2	24
26.21	24
26.22	24
26.23	24
26.240000000000002	24
26.25	24
26.26	25
26.27	25
26.28	25
26.29	25
26.3	25
26.310000000000002	24
26.32	24
26.330000000000002	23
26.34	24
26.35	24
26.36	24
26.37	24
26.38	24
26.39	24
26.400000000000002	24
26.41	24
26.42	24
26.43	25
26.44	25
26.45	25
26.46	25
26.47	25
26.48	25
26.490000000000002	25
26.5	25
26.51	24
26.52	24
26.53	24
26.54	24
26.55	24
26.560000000000002	24
26.57	24
26.580000000000002	24
26.59	24
26.6	24
26.61	24
26.62	24
26.63	24
26.64	24
26.650000000000002	24
26.66	24
26.67	24
26.68	24
26.69	24
26.7	24
26.71	24
26.72	24
26.73	24
26.740000000000002	24
26.75	24
26.76	24
26.77	24
26.78	24
26.79	25
26.8	25
26.810000000000002	26
26.82	26
26.830000000000002	26
26.84	26
26.85	26
26.86	27
26.87	27
26.88	27
26.89	27
26.900000000000002	27
26.91	28
26.92	28
26.93	28
26.94	29
26.95	30
26.96	30
26.97	30
26.98	31
26.990000000000002	31
27.0	31
27.01	31
27.02	31
27.03	31
27.04	31
27.05	31
27.060000000000002	30
27.07	30
27.080000000000002	29
27.09	29
27.1	26
27.11	26
27.12	27
27.13	31
27.14	31
27.150000000000002	32
27.16	33
27.17	36
27.18	38
27.19	38
27.2	39
27.21	38
27.22	36
27.23	35
27.240000000000002	34
27.25	35
27.26	36
27.27	38
27.28	39
27.29	39
27.3	38
27.310000000000002	37
27.32	35
27.330000000000002	34
27.34	33
27.35	33
27.36	32
27.37	32
27.38	32
27.39	33
27.400000000000002	34
27.41	34
27.42	34
27.43	34
27.44	34
27.45	33
27.46	33
27.47	33
27.48	31
27.490000000000002	30
27.5	29
27.51	29
27.52	29
27.53	29
27.54	29
27.55	29
27.560000000000002	29
27.57	29
27.580000000000002	28
27.59	27
27.6	27
27.61	27
27.62	28
27.63	28
27.64	29
27.650000000000002	29
27.66	29
27.67	29
27.68	29
27.69	29
27.7	29
27.71	29
27.72	29
27.73	29
27.740000000000002	29
27.75	29
27.76	29
27.77	29
27.78	29
27.79	28
27.8	28
27.810000000000002	28
27.82	27
27.830000000000002	27
27.84	27
27.85	27
27.86	27
27.87	27
27.88	27
27.89	28
27.900000000000002	28
27.91	28
27.92	27
27.93	27
27.94	27
27.95	27
27.96	27
27.97	27
27.98	27
27.990000000000002	27
28.0	27
28.01	27
28.02	27
28.03	27
28.04	28
28.05	27
28.060000000000002	27
28.07	27
28.080000000000002	27
28.09	27
28.1	28
28.11	28
28.12	28
28.13	28
28.14	27
28.150000000000002	27
28.16	27
28.17	26
28.18	27
28.19	27
28.2	28
28.21	28
28.22	27
28.23	26
28.240000000000002	25
28.25	25
28.26	27
28.27	27
28.28	25
28.29	25
28.3	26
28.310000000000002	26
28.32	27
28.330000000000002	27
28.34	27
28.35	27
28.36	27
28.37	28
28.38	28
28.39	27
28.400000000000002	27
28.41	27
28.42	27
28.43	27
28.44	26
28.45	26
28.46	26
28.47	26
28.48	26
28.490000000000002	26
28.5	26
28.51	26
28.52	26
28.53	26
28.54	26
28.55	26
28.560000000000002	26
28.57	26
28.580000000000002	26
28.59	26
28.6	26
28.61	26
28.62	26
28.63	26
28.64	26
28.650000000000002	26
28.66	26
28.67	26
28.68	26
28.69	26
28.7	26
28.71	26
28.72	26
28.73	26
28.740000000000002	26
28.75	26
28.76	26
28.77	26
28.78	26
28.79	26
28.8	26
28.810000000000002	26
28.82	26
28.830000000000002	26
28.84	26
28.85	26
28.86	26
28.87	26
28.88	26
28.89	26
28.900000000000002	26
28.91	26
28.92	26
28.93	26
28.94	25
28.95	25
28.96	25
28.97	26
28.98	26
28.990000000000002	26
29.0	25
29.01	25
29.02	25
29.03	25
29.04	25
29.05	26
29.060000000000002	26
29.07	26
29.080000000000002	26
29.09	26
29.1	26
29.11	26
29.12	26
29.13	26
29.14	26
29.150000000000002	26
29.16	26
29.17	26
29.18	26
29.19	26
29.2	26
29.21	26
29.22	26
29.23	26
29.240000000000002	26
29.25	26
29.26	26
29.27	26
29.28	26
29.29	26
29.3	26
29.310000000000002	26
29.32	26
29.330000000000002	26
29.34	26
29.35	26
29.36	26
29.37	26
29.38	26
29.39	26
29.400000000000002	26
29.41	26
29.42	25
29.43	25
29.44	25
29.45	25
29.46	25
29.47	26
29.48	26
29.490000000000002	27
29.5	28
29.51	28
29.52	27
29.53	26
29.54	26
29.55	26
29.560000000000002	26
29.57	29
29.580000000000002	29
29.59	30
29.6	31
29.61	31
29.62	31
29.63	32
29.64	31
29.650000000000002	31
29.66	31
29.67	30
29.68	30
29.69	30
29.7	29
29.71	29
29.72	29
29.73	29
29.740000000000002	29
29.75	28
29.76	26
29.77	26
29.78	29
29.79	32
29.8	32
29.810000000000002	32
29.82	32
29.830000000000002	32
29.84	32
29.85	31
29.86	31
29.87	31
29.88	31
29.89	31
29.900000000000002	31
29.91	31
29.92	31
29.93	31
29.94	31
29.95	29
29.96	28
29.97	28
29.98	27
29.990000000000002	28
30.0	28
30.01	27
30.02	28
30.03	27
30.04	27
30.05	27
30.060000000000002	26
30.07	27
30.080000000000002	28
30.09	30
30.1	31
30.11	31
30.12	32
30.13	32
30.14	33
30.150000000000002	34
30.16	36
30.17	37
30.18	39
30.19	39
30.2	37
30.21	37
30.22	36
30.23	36
30.240000000000002	36
30.25	35
30.26	33
30.27	32
30.28	32
30.29	32
30.3	33
30.310000000000002	34
30.32	35
30.330000000000002	35
30.34	36
30.35	36
30.36	36
30.37	36
30.38	35
30.39	35
30.400000000000002	35
30.41	34
30.42	34
30.43	34
30.44	33
30.45	32
30.46	31
30.47	30
30.48	31
30.490000000000002	31
30.5	31
30.51	32
30.52	32
30.53	31
30.54	31
30.55	30
30.560000000000002	29
30.57	29
30.580000000000002	29
30.59	29
30.6	29
30.61	31
30.62	31
30.63	30
30.64	30
30.650000000000002	30
30.66	30
30.67	30
30.68	30
30.69	29
30.7	29
30.71	29
30.72	29
30.73	29
30.740000000000002	30
30.75	31
30.76	31
30.77	31
30.78	31
30.79	31
30.8	30
30.810000000000002	30
30.82	29
30.830000000000002	30
30.84	30
30.85	32
30.86	32
30.87	33
30.88	34
30.89	34
30.900000000000002	34
30.91	34
30.92	34
30.93	35
30.94	35
30.95	36
30.96	36
30.970000000000002	36
30.98	37
30.990000000000002	37
31.0	38
31.01	39
31.02	40
31.03	41
31.04	41
31.05	41
31.060000000000002	42
31.07	43
31.080000000000002	48
31.09	49
31.1	60
31.11	64
31.12	64
31.13	65
31.14	65
31.150000000000002	66
31.16	66
31.17	66
31.18	65
31.19	64
31.2	62
31.21	60
31.220000000000002	52
31.23	43
31.240000000000002	37
31.25	37
31.26	38
31.27	41
31.28	42
31.29	43
31.3	46
31.310000000000002	46
31.32	46
31.330000000000002	46
31.34	46
31.35	46
31.36	46
31.37	45
31.38	45
31.39	44
31.400000000000002	44
31.41	43
31.42	43
31.43	43
31.44	42
31.45	41
31.46	39
31.470000000000002	39
31.48	39
31.490000000000002	39
31.5	41
31.51	41
31.52	42
31.53	42
31.54	43
31.55	43
31.560000000000002	43
31.57	44
31.580000000000002	44
31.59	44
31.6	44
31.61	44
31.62	44
31.63	44
31.64	43
31.650000000000002	43
31.66	42
31.67	41
31.68	39
31.69	38
31.7	38
31.71	37
31.720000000000002	37
31.73	37
31.740000000000002	35
31.75	35
31.76	34
31.77	35
31.78	35
31.79	35
31.8	35
31.810000000000002	35
31.82	35
31.830000000000002	35
31.84	35
31.85	36
31.86	36
31.87	36
31.88	37
31.89	37
31.900000000000002	37
31.91	37
31.92	37
31.93	36
31.94	36
31.95	36
31.96	36
31.970000000000002	36
31.98	36
31.990000000000002	34
32.0	34
32.01	34
32.02	34
32.03	34
32.04	34
32.05	34
32.06	34
32.07	34
32.08	33
32.09	33
32.1	33
32.11	33
32.12	34
32.13	34
32.14	34
32.15	34
32.160000000000004	34
32.17	34
32.18	33
32.19	33
32.2	33
32.21	33
32.22	34
32.230000000000004	34
32.24	34
32.25	34
32.26	34
32.27	34
32.28	34
32.29	34
32.3	34
32.31	34
32.32	34
32.33	34
32.34	34
32.35	33
32.36	33
32.37	33
32.38	33
32.39	33
32.4	33
32.410000000000004	33
32.42	33
32.43	33
32.44	33
32.45	33
32.46	34
32.47	34
32.480000000000004	34
32.49	34
32.5	34
32.51	34
32.52	34
32.53	34
32.54	34
32.55	34
32.56	34
32.57	34
32.58	34
32.59	34
32.6	34
32.61	34
32.62	34
32.63	37
32.64	37
32.65	37
32.660000000000004	37
32.67	36
32.68	36
32.69	34
32.7	34
32.71	34
32.72	34
32.730000000000004	34
32.74	34
32.75	35
32.76	35
32.77	36
32.78	36
32.79	36
32.8	36
32.81	36
32.82	36
32.83	37
32.84	37
32.85	37
32.86	38
32.87	38
32.88	38
32.89	39
32.9	39
32.910000000000004	38
32.92	38
32.93	38
32.94	38
32.95	37
32.96	37
32.97	36
32.980000000000004	36
32.99	36
33.0	34
33.01	34
33.02	32
33.03	33
33.04	34
33.05	34
33.06	33
33.07	33
33.08	34
33.09	34
33.1	34
33.11	34
33.12	34
33.13	34
33.14	34
33.15	35
33.160000000000004	35
33.17	35
33.18	34
33.19	34
33.2	33
33.21	33
33.22	34
33.230000000000004	34
33.24	34
33.25	34
33.26	34
33.27	34
33.28	34
33.29	34
33.3	34
33.31	33
33.32	32
33.33	32
33.34	34
33.35	36
33.36	36
33.37	36
33.38	36
33.39	41
33.4	42
33.410000000000004	42
33.42	42
33.43	42
33.44	42
33.45	41
33.46	41
33.47	41
33.480000000000004	40
33.49	38
33.5	37
33.51	36
33.52	36
33.53	37
33.54	39
33.55	41
33.56	42
33.57	42
33.58	42
33.59	42
33.6	42
33.61	43
33.62	43
33.63	45
33.64	44
33.65	43
33.660000000000004	43
33.67	43
33.68	43
33.69	43
33.7	42
33.71	41
33.72	41
33.730000000000004	38
33.74	38
33.75	37
33.76	36
33.77	35
33.78	34
33.79	34
33.8	35
33.81	36
33.82	36
33.83	36
33.84	36
33.85	35
33.86	35
33.87	35
33.88	34
33.89	34
33.9	34
33.910000000000004	34
33.92	34
33.93	33
33.94	33
33.95	33
33.96	32
33.97	30
33.980000000000004	30
33.99	31
34.0	31
34.01	31
34.02	31
34.03	31
34.04	31
34.05	31
34.06	32
34.07	33
34.08	34
34.09	34
34.1	34
34.11	34
34.12	34
34.13	34
34.14	33
34.15	33
34.160000000000004	34
34.17	34
34.18	36
34.19	36
34.2	36
34.21	36
34.22	36
34.230000000000004	38
34.24	39
34.25	40
34.26	40
34.27	41
34.28	43
34.29	46
34.300000000000004	48
34.31	54
34.32	52
34.33	47
34.34	50
34.35	54
34.36	55
34.37	53
34.38	67
34.39	80
34.4	90
34.410000000000004	93
34.42	94
34.43	110
34.44	112
34.45	116
34.46	116
34.47	114
34.480000000000004	110
34.49	106
34.5	90
34.51	65
34.52	59
34.53	67
34.54	91
34.550000000000004	91
34.56	90
34.57	85
34.58	85
34.59	83
34.6	81
34.61	76
34.62	66
34.63	38
34.64	32
34.65	32
34.660000000000004	35
34.67	37
34.68	35
34.69	22
34.7	17
34.71	22
34.72	24
34.730000000000004	22
34.74	20
34.75	22
34.76	22
34.77	22
34.78	24
34.79	24
34.800000000000004	24
34.81	24
34.82	24
34.83	20
34.84	20
34.85	20
34.86	22
34.87	24
34.88	24
34.89	24
34.9	22
34.910000000000004	22
34.92	22
34.93	20
34.94	20
34.95	20
34.96	20
34.97	20
34.980000000000004	18
34.99	17
35.0	18
35.01	20
35.02	20
35.03	22
35.04	25
35.050000000000004	25
35.06	25
35.07	25
35.08	25
35.09	24
35.1	22
35.11	20
35.12	20
35.13	18
35.14	18
35.15	17
35.160000000000004	17
35.17	17
35.18	18
35.19	18
35.2	18
35.21	18
35.22	18
35.230000000000004	18
35.24	18
35.25	18
35.26	18
35.27	18
35.28	18
35.29	18
35.300000000000004	18
35.31	18
35.32	18
35.33	18
35.34	17
35.35	17
35.36	16
35.37	16
35.38	16
35.39	16
35.4	16
35.410000000000004	16
35.42	16
35.43	16
35.44	16
35.45	16
35.46	16
35.47	16
35.480000000000004	16
35.49	16
35.5	16
35.51	16
35.52	16
35.53	16
35.54	16
35.550000000000004	16
35.56	16
35.57	18
35.58	18
35.59	18
35.6	18
35.61	18
35.62	18
35.63	18
35.64	18
35.65	18
35.660000000000004	18
35.67	18
35.68	18
35.69	18
35.7	18
35.71	18
35.72	18
35.730000000000004	18
35.74	18
35.75	18
35.76	18
35.77	18
35.78	18
35.79	18
35.800000000000004	18
35.81	18
35.82	18
35.83	18
35.84	18
35.85	18
35.86	18
35.87	18
35.88	18
35.89	18
35.9	18
35.910000000000004	18
35.92	18
35.93	18
35.94	18
35.95	18
35.96	20
35.97	20
35.980000000000004	20
35.99	20
36.0	20
36.01	20
36.02	20
36.03	20
36.04	18
36.050000000000004	18
36.06	18
36.07	18
36.08	18
36.09	18
36.1	18
36.11	18
36.12	18
36.13	18
36.14	18
36.15	18
36.160000000000004	18
36.17	18
36.18	18
36.19	18
36.2	18
36.21	18
36.22	18
36.230000000000004	18
36.24	18
36.25	18
36.26	20
36.27	20
36.28	21
36.29	22
36.300000000000004	22
36.31	22
36.32	22
36.33	22
36.34	22
36.35	22
36.36	22
36.37	22
36.38	21
36.39	20
36.4	20
36.410000000000004	20
36.42	18
36.43	18
36.44	18
36.45	18
36.46	20
36.47	20
36.480000000000004	20
36.49	20
36.5	20
36.51	20
36.52	20
36.53	20
36.54	20
36.550000000000004	18
36.56	18
36.57	18
36.58	18
36.59	18
36.6	18
36.61	18
36.62	18
36.63	18
36.64	18
36.65	18
36.660000000000004	18
36.67	18
36.68	18
36.69	18
36.7	18
36.71	18
36.72	18
36.730000000000004	18
36.74	18
36.75	18
36.76	18
36.77	18
36.78	18
36.79	18
36.800000000000004	18
36.81	18
36.82	18
36.83	18
36.84	18
36.85	18
36.86	18
36.87	18
36.88	18
36.89	18
36.9	18
36.910000000000004	18
36.92	18
36.93	18
36.94	18
36.95	18
36.96	18
36.97	18
36.980000000000004	18
36.99	18
37.0	18
37.01	18
37.02	18
37.03	20
37.04	20
37.050000000000004	22
37.06	23
37.07	26
37.08	27
37.09	30
37.1	33
37.11	45
37.12	45
37.13	42
37.14	35
37.15	21
37.160000000000004	20
37.17	21
37.18	21
37.19	21
37.2	21
37.21	21
37.22	21
37.230000000000004	21
37.24	21
37.25	21
37.26	21
37.27	22
37.28	22
37.29	21
37.300000000000004	21
37.31	21
37.32	21
37.33	21
37.34	21
37.35	21
37.36	21
37.37	21
37.38	21
37.39	21
37.4	21
37.410000000000004	22
37.42	22
37.43	22
37.44	22
37.45	22
37.46	22
37.47	22
37.480000000000004	21
37.49	21
37.5	21
37.51	21
37.52	21
37.53	21
37.54	22
37.550000000000004	22
37.56	22
37.57	22
37.58	22
37.59	22
37.6	23
37.61	23
37.62	23
37.63	24
37.64	23
37.65	23
37.660000000000004	25
37.67	28
37.68	28
37.69	28
37.7	30
37.71	30
37.72	30
37.730000000000004	31
37.74	32
37.75	34
37.76	37
37.77	40
37.78	45
37.79	46
37.800000000000004	50
37.81	54
37.82	67
37.83	94
37.84	96
37.85	95
37.86	94
37.87	93
37.88	78
37.89	52
37.9	49
37.910000000000004	48
37.92	45
37.93	41
37.94	40
37.95	35
37.96	34
37.97	33
37.980000000000004	33
37.99	30
38.0	28
38.01	27
38.02	26
38.03	25
38.04	25
38.050000000000004	24
38.06	25
38.07	25
38.08	24
38.09	24
38.1	23
38.11	23
38.12	23
38.13	23
38.14	23
38.15	22
38.160000000000004	22
38.17	22
38.18	22
38.19	22
38.2	22
38.21	22
38.22	22
38.230000000000004	22
38.24	22
38.25	22
38.26	22
38.27	22
38.28	22
38.29	22
38.300000000000004	22
38.31	22
38.32	22
38.33	22
38.34	22
38.35	22
38.36	22
38.37	22
38.38	22
38.39	22
38.4	22
38.410000000000004	22
38.42	22
38.43	22
38.44	22
38.45	22
38.46	22
38.47	22
38.480000000000004	22
38.49	22
38.5	22
38.51	22
38.52	22
38.53	22
38.54	22
38.550000000000004	22
38.56	22
38.57	22
38.58	21
38.59	22
38.6	22
38.61	22
38.62	22
38.63	22
38.64	22
38.65	22
38.660000000000004	22
38.67	22
38.68	22
38.69	22
38.7	21
38.71	22
38.72	21
38.730000000000004	22
38.74	21
38.75	22
38.76	22
38.77	22
38.78	22
38.79	22
38.800000000000004	22
38.81	22
38.82	21
38.83	22
38.84	22
38.85	22
38.86	22
38.87	22
38.88	22
38.89	22
38.9	22
38.910000000000004	21
38.92	21
38.93	22
38.94	22
38.95	22
38.96	22
38.97	22
38.980000000000004	22
38.99	22
39.0	21
39.01	21
39.02	21
39.03	21
39.04	21
39.050000000000004	21
39.06	22
39.07	22
39.08	22
39.09	22
39.1	22
39.11	22
39.12	21
39.13	21
39.14	21
39.15	21
39.160000000000004	22
39.17	22
39.18	22
39.19	22
39.2	22
39.21	22
39.22	22
39.230000000000004	21
39.24	21
39.25	21
39.26	21
39.27	22
39.28	22
39.29	22
39.300000000000004	22
39.31	22
39.32	22
39.33	22
39.34	22
39.35	22
39.36	22
39.37	22
39.38	22
39.39	22
39.4	22
39.410000000000004	22
39.42	22
39.43	22
39.44	22
39.45	22
39.46	22
39.47	22
39.480000000000004	22
39.49	22
39.5	22
39.51	22
39.52	22
39.53	22
39.54	22
39.550000000000004	22
39.56	22
39.57	22
39.58	22
39.59	22
39.6	22
39.61	22
39.62	22
39.63	22
39.64	22
39.65	22
39.660000000000004	22
39.67	22
39.68	22
39.69	22
39.7	22
39.71	22
39.72	22
39.730000000000004	22
39.74	22
39.75	22
39.76	22
39.77	22
39.78	22
39.79	22
39.800000000000004	22
39.81	22
39.82	22
39.83	22
39.84	22
39.85	22
39.86	22
39.87	22
39.88	22
39.89	22
39.9	22
39.910000000000004	22
39.92	22
39.93	22
39.94	22
39.95	22
39.96	22
39.97	22
39.980000000000004	22
39.99	22
40.0	22
40.01	22
40.02	22
40.03	22
40.04	22
40.050000000000004	22
40.06	22
40.07	22
40.08	22
40.09	22
40.1	22
40.11	22
40.12	22
40.13	22
40.14	22
40.15	22
40.160000000000004	22
40.17	22
40.18	22
40.19	22
40.2	22
40.21	22
40.22	22
40.230000000000004	22
40.24	22
40.25	22
40.26	22
40.27	22
40.28	22
40.29	22
40.300000000000004	22
40.31	22
40.32	22
40.33	22
40.34	22
40.35	22
40.36	22
40.37	22
40.38	22
40.39	22
40.4	22
40.410000000000004	22
40.42	22
40.43	22
40.44	22
40.45	22
40.46	22
40.47	22
40.480000000000004	22
40.49	22
40.5	22
40.51	22
40.52	22
40.53	22
40.54	22
40.550000000000004	22
40.56	22
40.57	22
40.58	22
40.59	22
40.6	22
40.61	22
40.62	22
40.63	22
40.64	22
40.65	22
40.660000000000004	22
40.67	22
40.68	22
40.69	22
40.7	22
40.71	22
40.72	22
40.730000000000004	22
40.74	22
40.75	22
40.76	22
40.77	22
40.78	22
40.79	22
40.800000000000004	22
40.81	22
40.82	22
40.83	22
40.84	22
40.85	22
40.86	22
40.87	22
40.88	22
40.89	22
40.9	22
40.910000000000004	22
40.92	22
40.93	22
40.94	22
40.95	22
40.96	22
40.97	22
40.980000000000004	22
40.99	22
41.0	22
41.01	22
41.02	22
41.03	22
41.04	22
41.050000000000004	22
41.06	22
41.07	22
41.08	22
41.09	22
41.1	22
41.11	22
41.12	22
41.13	22
41.14	22
41.15	22
41.160000000000004	22
41.17	22
41.18	22
41.19	22
41.2	22
41.21	22
41.22	22
41.230000000000004	22
41.24	22
41.25	22
41.26	22
41.27	22
41.28	22
41.29	22
41.300000000000004	22
41.31	22
41.32	22
41.33	22
41.34	22
41.35	22
41.36	22
41.37	22
41.38	22
41.39	22
41.4	22
41.410000000000004	22
41.42	22
41.43	22
41.44	22
41.45	22
41.46	22
41.47	22
41.480000000000004	22
41.49	22
41.5	22
41.51	22
41.52	22
41.53	22
41.54	22
41.550000000000004	22
41.56	22
41.57	22
41.58	22
41.59	22
41.6	22
41.61	22
41.62	22
41.63	22
41.64	22
41.65	22
41.660000000000004	22
41.67	22
41.68	22
41.69	22
41.7	22
41.71	22
41.72	22
41.730000000000004	22
41.74	22
41.75	22
41.76	22
41.77	22
41.78	22
41.79	22
41.800000000000004	22
41.81	22
41.82	22
41.83	22
41.84	22
41.85	22
41.86	22
41.87	22
41.88	22
41.89	22
41.9	22
41.910000000000004	22
41.92	22
41.93	22
41.94	22
41.95	22
41.96	22
41.97	22
41.980000000000004	22
41.99	22
42.0	22
42.01	22
42.02	22
42.03	22
42.04	22
42.050000000000004	22
42.06	22
42.07	22
42.08	22
42.09	22
42.1	22
42.11	22
42.12	22
42.13	22
42.14	22
42.15	22
42.160000000000004	22
42.17	22
42.18	22
42.19	22
42.2	22
42.21	22
42.22	22
42.230000000000004	22
42.24	22
42.25	22
42.26	22
42.27	22
42.28	22
42.29	22
42.300000000000004	22
42.31	22
42.32	22
42.33	22
42.34	22
42.35	22
42.36	22
42.37	22
42.38	22
42.39	22
42.4	22
42.410000000000004	22
42.42	22
42.43	22
42.44	22
42.45	22
42.46	22
42.47	22
42.480000000000004	22
42.49	22
42.5	22
42.51	22
42.52	22
42.53	22
42.54	22
42.550000000000004	22
42.56	22
42.57	22
42.58	22
42.59	22
42.6	22
42.61	22
42.62	22
42.63	22
42.64	22
42.65	22
42.660000000000004	22
42.67	22
42.68	22
42.69	22
42.7	22
42.71	22
42.72	22
42.730000000000004	22
42.74	22
42.75	22
42.76	22
42.77	22
42.78	22
42.79	22
42.800000000000004	22
42.81	22
42.82	22
42.83	22
42.84	22
42.85	22
42.86	22
42.87	22
42.88	22
42.89	22
42.9	22
42.910000000000004	22
42.92	22
42.93	22
42.94	22
42.95	22
42.96	22
42.97	22
42.980000000000004	22
42.99	22
43.0	22
43.01	22
43.02	22
43.03	22
43.04	22
43.050000000000004	22
43.06	22
43.07	22
43.08	22
43.09	22
43.1	22
43.11	22
43.12	22
43.13	22
43.14	22
43.15	22
43.160000000000004	22
43.17	22
43.18	22
43.19	22
43.2	22
43.21	22
43.22	22
43.230000000000004	22
43.24	22
43.25	22
43.26	22
43.27	22
43.28	22
43.29	22
43.300000000000004	22
43.31	22
43.32	22
43.33	22
43.34	22
43.35	22
43.36	22
43.37	22
43.38	22
43.39	22
43.4	22
43.410000000000004	22
43.42	22
43.43	22
43.44	22
43.45	22
43.46	22
43.47	22
43.480000000000004	22
43.49	22
43.5	22
43.51	22
43.52	22
43.53	22
43.54	22
43.550000000000004	22
43.56	22
43.57	22
43.58	22
43.59	22
43.6	22
43.61	22
43.62	22
43.63	22
43.64	22
43.65	22
43.660000000000004	22
43.67	22
43.68	22
43.69	22
43.7	22
43.71	22
43.72	22
43.730000000000004	22
43.74	22
43.75	22
43.76	22
43.77	22
43.78	22
43.79	22
43.800000000000004	22
43.81	22
43.82	22
43.83	22
43.84	22
43.85	22
43.86	22
43.87	22
43.88	22
43.89	22
43.9	22
43.910000000000004	22
43.92	22
43.93	22
43.94	22
43.95	22
43.96	22
43.97	22
43.980000000000004	22
43.99	22
44.0	22
44.01	22
44.02	22
44.03	22
44.04	22
44.050000000000004	22
44.06	22
44.07	22
44.08	22
44.09	22
44.1	22
44.11	22
44.12	22
44.13	22
44.14	22
44.15	22
44.160000000000004	22
44.17	22
44.18	22
44.19	22
44.2	22
44.21	22
44.22	22
44.230000000000004	22
44.24	22
44.25	22
44.26	22
44.27	22
44.28	22
44.29	22
44.300000000000004	22
44.31	22
44.32	22
44.33	22
44.34	22
44.35	22
44.36	22
44.37	22
44.38	22
44.39	22
44.4	22
44.410000000000004	22
44.42	22
44.43	22
44.44	22
44.45	22
44.46	22
44.47	22
44.480000000000004	22
44.49	22
44.5	22
44.51	22
44.52	22
44.53	22
44.54	22
44.550000000000004	22
44.56	22
44.57	22
44.58	22
44.59	22
44.6	22
44.61	22
44.62	22
44.63	22
44.64	22
44.65	22
44.660000000000004	22
44.67	22
44.68	22
44.69	22
44.7	22
44.71	22
44.72	22
44.730000000000004	22
44.74	22
44.75	22
44.76	22
44.77	22
44.78	22
44.79	22
44.800000000000004	22
44.81	22
44.82	22
44.83	22
44.84	22
44.85	22
44.86	22
44.87	22
44.88	22
44.89	22
44.9	22
44.910000000000004	22
44.92	22
44.93	22
44.94	22
44.95	22
44.96	22
44.97	22
44.980000000000004	22
44.99	22
45.0	22
45.01	22
45.02	22
45.03	22
45.04	22
45.050000000000004	22
45.06	22
45.07	22
45.08	22
45.09	22
45.1	22
45.11	22
45.12	22
45.13	22
45.14	22
45.15	22
45.160000000000004	22
45.17	22
45.18	22
45.19	22
45.2	22
45.21	22
45.22	22
45.230000000000004	22
45.24	22
45.25	22
45.26	22
45.27	22
45.28	22
45.29	22
45.300000000000004	23
45.31	22
45.32	22
45.33	22
45.34	22
45.35	22
45.36	23
45.37	22
45.38	22
45.39	22
45.4	23
45.410000000000004	22
45.42	22
45.43	23
45.44	22
45.45	22
45.46	23
45.47	22
45.480000000000004	22
45.49	23
45.5	22
45.51	22
45.52	23
45.53	22
45.54	23
45.550000000000004	22
45.56	23
45.57	22
45.58	23
45.59	22
45.6	23
45.61	22
45.62	23
45.63	22
45.64	23
45.65	22
45.660000000000004	23
45.67	22
45.68	23
45.69	22
45.7	23
45.71	23
45.72	22
45.730000000000004	23
45.74	22
45.75	23
45.76	23
45.77	22
45.78	23
45.79	23
45.800000000000004	22
45.81	23
45.82	23
45.83	22
45.84	23
45.85	23
45.86	23
45.87	22
45.88	23
45.89	23
45.9	23
45.910000000000004	22
45.92	23
45.93	23
45.94	23
45.95	23
45.96	23
45.97	22
45.980000000000004	23
45.99	23
46.0	23
46.01	23
46.02	23
46.03	23
46.04	23
46.050000000000004	23
46.06	23
46.07	23
46.08	23
46.09	23
46.1	23
46.11	23
46.12	23
46.13	23
46.14	23
46.15	23
46.160000000000004	23
46.17	23
46.18	23
46.19	23
46.2	23
46.21	23
46.22	23
46.230000000000004	23
46.24	23
46.25	23
46.26	23
46.27	23
46.28	23
46.29	23
46.300000000000004	23
46.31	23
46.32	23
46.33	23
46.34	23
46.35	23
46.36	23
46.37	23
46.38	23
46.39	23
46.4	23
46.410000000000004	23
46.42	23
46.43	23
46.44	23
46.45	23
46.46	23
46.47	23
46.480000000000004	23
46.49	23
46.5	23
46.51	23
46.52	23
46.53	23
46.54	23
46.550000000000004	23
46.56	23
46.57	23
46.58	23
46.59	23
46.6	23
46.61	23
46.62	23
46.63	23
46.64	23
46.65	23
46.660000000000004	23
46.67	23
46.68	23
46.69	23
46.7	23
46.71	23
46.72	23
46.730000000000004	23
46.74	23
46.75	23
46.76	23
46.77	23
46.78	23
46.79	23
46.800000000000004	23
46.81	23
46.82	23
46.83	23
46.84	23
46.85	23
46.86	23
46.87	23
46.88	23
46.89	23
46.9	23
46.910000000000004	23
46.92	23
46.93	23
46.94	23
46.95	23
46.96	23
46.97	23
46.980000000000004	23
46.99	23
47.0	23
47.01	23
47.02	23
47.03	23
47.04	23
47.050000000000004	23
47.06	23
47.07	23
47.08	23
47.09	23
47.1	23
47.11	23
47.12	23
47.13	23
47.14	23
47.15	23
47.160000000000004	23
47.17	23
47.18	23
47.19	23
47.2	23
47.21	23
47.22	23
47.230000000000004	23
47.24	23
47.25	23
47.26	23
47.27	23
47.28	23
47.29	23
47.300000000000004	23
47.31	23
47.32	23
47.33	23
47.34	23
47.35	23
47.36	23
47.37	23
47.38	23
47.39	23
47.4	23
47.410000000000004	23
47.42	23
47.43	23
47.44	23
47.45	23
47.46	23
47.47	23
47.480000000000004	23
47.49	23
47.5	23
47.51	23
47.52	23
47.53	23
47.54	23
47.550000000000004	23
47.56	23
47.57	23
47.58	23
47.59	23
47.6	23
47.61	23
47.62	23
47.63	23
47.64	23
47.65	23
47.660000000000004	23
47.67	23
47.68	23
47.69	23
47.7	23
47.71	23
47.72	23
47.730000000000004	23
47.74	23
47.75	23
47.76	23
47.77	23
47.78	23
47.79	23
47.800000000000004	23
47.81	23
47.82	23
47.83	23
47.84	23
47.85	23
47.86	23
47.870000000000005	23
47.88	23
47.89	23
47.9	23
47.910000000000004	23
47.92	23
47.93	23
47.94	23
47.95	23
47.96	23
47.97	23
47.980000000000004	23
47.99	23
48.0	23
48.01	23
48.02	23
48.03	23
48.04	23
48.050000000000004	23
48.06	23
48.07	23
48.08	23
48.09	23
48.1	23
48.11	23
48.120000000000005	23
48.13	23
48.14	23
48.15	23
48.160000000000004	23
48.17	23
48.18	23
48.19	23
48.2	23
48.21	23
48.22	23
48.230000000000004	23
48.24	23
48.25	23
48.26	23
48.27	23
48.28	23
48.29	23
48.300000000000004	23
48.31	23
48.32	23
48.33	23
48.34	23
48.35	23
48.36	23
48.370000000000005	23
48.38	23
48.39	23
48.4	23
48.410000000000004	23
48.42	23
48.43	23
48.44	23
48.45	23
48.46	23
48.47	23
48.480000000000004	23
48.49	23
48.5	23
48.51	23
48.52	23
48.53	23
48.54	23
48.550000000000004	23
48.56	23
48.57	23
48.58	23
48.59	23
48.6	23
48.61	23
48.620000000000005	23
48.63	23
48.64	23
48.65	23
48.660000000000004	23
48.67	23
48.68	23
48.69	23
48.7	23
48.71	23
48.72	23
48.730000000000004	23
48.74	23
48.75	23
48.76	23
48.77	23
48.78	23
48.79	23
48.800000000000004	23
48.81	23
48.82	23
48.83	23
48.84	23
48.85	23
48.86	23
48.870000000000005	23
48.88	23
48.89	23
48.9	23
48.910000000000004	23
48.92	23
48.93	23
48.94	23
48.95	23
48.96	23
48.97	23
48.980000000000004	23
48.99	23
49.0	23
49.01	23
49.02	23
49.03	23
49.04	23
49.050000000000004	23
49.06	23
49.07	23
49.08	23
49.09	23
49.1	23
49.11	23
49.120000000000005	23
49.13	23
49.14	23
49.15	23
49.160000000000004	23
49.17	23
49.18	23
49.19	23
49.2	23
49.21	23
49.22	23
49.230000000000004	23
49.24	23
49.25	23
49.26	23
49.27	23
49.28	23
49.29	23
49.300000000000004	23
49.31	23
49.32	23
49.33	23
49.34	23
49.35	23
49.36	23
49.370000000000005	23
49.38	23
49.39	23
49.4	23
49.410000000000004	23
49.42	23
49.43	23
49.44	23
49.45	23
49.46	23
49.47	23
49.480000000000004	23
49.49	23
49.5	23
49.51	23
49.52	23
49.53	23
49.54	23
49.550000000000004	23
49.56	23
49.57	23
49.58	23
49.59	23
49.6	23
49.61	23
49.620000000000005	23
49.63	23
49.64	23
49.65	23
49.660000000000004	23
49.67	23
49.68	23
49.69	23
49.7	23
49.71	23
49.72	23
49.730000000000004	23
49.74	23
49.75	23
49.76	23
49.77	23
49.78	23
49.79	23
49.800000000000004	23
49.81	23
49.82	23
49.83	23
49.84	23
49.85	23
49.86	23
49.870000000000005	23
49.88	23
49.89	23
49.9	23
49.910000000000004	23
49.92	23
49.93	23
49.94	23
49.95	23
49.96	23
49.97	23
49.980000000000004	23
49.99	23
0.0	7
0.01	8
0.02	8
0.03	8
0.04	8
0.05	8
0.06	8
0.07	8
0.08	8
0.09	8
0.1	8
0.11	8
0.12	8
0.13	8
0.14	8
0.15	8
0.16	8
0.17	8
0.18	8
0.19	8
0.2	8
0.21	8
0.22	8
0.23	8
0.24	8
0.25	8
0.26	8
0.27	8
0.28	8
0.29	8
0.3	8
0.31	8
0.32	8
0.33	8
0.34	8
0.35000000000000003	8
0.36	8
0.37	8
0.38	8
0.39	8
0.4	8
0.41000000000000003	8
0.42	8
0.43	8
0.44	8
0.45	8
0.46	8
0.47000000000000003	9
0.48	9
0.49	9
0.5	9
0.51	9
0.52	9
0.53	9
0.54	9
0.55	9
0.56	9
0.5700000000000001	9
0.58	9
0.59	9
0.6	9
0.61	9
0.62	9
0.63	9
0.64	9
0.65	9
0.66	9
0.67	9
0.68	9
0.6900000000000001	9
0.7000000000000001	9
0.71	9
0.72	9
0.73	9
0.74	9
0.75	9
0.76	9
0.77	9
0.78	9
0.79	9
0.8	9
0.81	9
0.8200000000000001	9
0.8300000000000001	9
0.84	9
0.85	9
0.86	9
0.87	9
0.88	9
0.89	9
0.9	9
0.91	9
0.92	9
0.93	9
0.9400000000000001	9
0.9500000000000001	9
0.96	9
0.97	9
0.98	9
0.99	9
1.0	9
1.01	9
1.02	9
1.03	9
1.04	9
1.05	9
1.06	9
1.07	9
1.08	9
1.09	9
1.1	9
1.11	9
1.12	9
1.1300000000000001	8
1.1400000000000001	8
1.1500000000000001	8
1.16	8
1.17	8
1.18	8
1.19	8
1.2	8
1.21	9
1.22	9
1.23	9
1.24	9
1.25	9
1.26	9
1.27	9
1.28	9
1.29	9
1.3	8
1.31	8
1.32	8
1.33	8
1.34	8
1.35	8
1.36	8
1.37	8
1.3800000000000001	8
1.3900000000000001	8
1.4000000000000001	8
1.41	8
1.42	8
1.43	8
1.44	8
1.45	8
1.46	8
1.47	8
1.48	8
1.49	8
1.5	8
1.51	8
1.52	8
1.53	8
1.54	8
1.55	8
1.56	8
1.57	8
1.58	8
1.59	8
1.6	8
1.61	8
1.62	8
1.6300000000000001	8
1.6400000000000001	8
1.6500000000000001	8
1.6600000000000001	8
1.67	8
1.68	8
1.69	8
1.7	8
1.71	8
1.72	8
1.73	8
1.74	8
1.75	8
1.76	8
1.77	8
1.78	8
1.79	8
1.8	8
1.81	8
1.82	8
1.83	8
1.84	8
1.85	8
1.86	8
1.87	8
1.8800000000000001	8
1.8900000000000001	8
1.9000000000000001	8
1.9100000000000001	8
1.92	8
1.93	8
1.94	8
1.95	8
1.96	8
1.97	8
1.98	8
1.99	8
2.0	8
2.0100000000000002	8
2.02	8
2.0300000000000002	8
2.04	8
2.05	8
2.06	8
2.07	8
2.08	8
2.09	8
2.1	8
2.11	8
2.12	8
2.13	8
2.14	8
2.15	8
2.16	8
2.17	8
2.18	8
2.19	8
2.2	8
2.21	8
2.22	8
2.23	8
2.24	8
2.25	8
2.2600000000000002	8
2.27	8
2.2800000000000002	8
2.29	8
2.3000000000000003	8
2.31	8
2.32	8
2.33	8
2.34	8
2.35	8
2.36	8
2.37	8
2.38	8
2.39	8
2.4	8
2.41	8
2.42	8
2.43	8
2.44	8
2.45	8
2.46	8
2.47	8
2.48	8
2.49	8
2.5	8
2.5100000000000002	8
2.52	8
2.5300000000000002	8
2.54	8
2.5500000000000003	8
2.56	8
2.57	8
2.58	8
2.59	8
2.6	8
2.61	8
2.62	8
2.63	8
2.64	8
2.65	8
2.66	8
2.67	8
2.68	8
2.69	8
2.7	8
2.71	8
2.72	8
2.73	8
2.74	8
2.75	8
2.7600000000000002	8
2.77	8
2.7800000000000002	8
2.79	8
2.8000000000000003	8
2.81	8
2.82	8
2.83	8
2.84	8
2.85	8
2.86	8
2.87	8
2.88	8
2.89	8
2.9	8
2.91	8
2.92	8
2.93	8
2.94	8
2.95	8
2.96	8
2.97	8
2.98	8
2.99	8
3.0	8
3.0100000000000002	8
3.02	8
3.0300000000000002	8
3.04	8
3.0500000000000003	8
3.06	8
3.0700000000000003	8
3.08	9
3.09	9
3.1	9
3.11	9
3.12	9
3.13	9
3.14	9
3.15	9
3.16	9
3.17	9
3.18	9
3.19	9
3.2	9
3.21	9
3.22	9
3.23	9
3.24	9
3.25	9
3.2600000000000002	9
3.27	9
3.2800000000000002	9
3.29	9
3.3000000000000003	9
3.31	9
3.3200000000000003	9
3.33	9
3.34	9
3.35	9
3.36	9
3.37	9
3.38	9
3.39	9
3.4	9
3.41	9
3.42	9
3.43	9
3.44	9
3.45	9
3.46	9
3.47	9
3.48	9
3.49	9
3.5	9
3.5100000000000002	9
3.52	9
3.5300000000000002	9
3.54	9
3.5500000000000003	9
3.56	9
3.5700000000000003	9
3.58	9
3.59	9
3.6	9
3.61	9
3.62	9
3.63	9
3.64	9
3.65	9
3.66	9
3.67	9
3.68	9
3.69	9
3.7	9
3.71	9
3.72	9
3.73	8
3.74	8
3.75	8
3.7600000000000002	8
3.77	8
3.7800000000000002	8
3.79	8
3.8000000000000003	8
3.81	8
3.8200000000000003	8
3.83	8
3.84	8
3.85	8
3.86	8
3.87	8
3.88	8
3.89	8
3.9	8
3.91	8
3.92	8
3.93	8
3.94	8
3.95	8
3.96	8
3.97	8
3.98	8
3.99	8
4.0	8
4.01	8
4.0200000000000005	8
4.03	8
4.04	8
4.05	8
4.0600000000000005	8
4.07	8
4.08	8
4.09	8
4.1	8
4.11	8
4.12	8
4.13	8
4.14	8
4.15	9
4.16	9
4.17	9
4.18	9
4.19	9
4.2	9
4.21	9
4.22	9
4.23	9
4.24	9
4.25	9
4.26	9
4.2700000000000005	9
4.28	9
4.29	8
4.3	8
4.3100000000000005	8
4.32	8
4.33	8
4.34	8
4.3500000000000005	8
4.36	8
4.37	8
4.38	8
4.39	8
4.4	8
4.41	8
4.42	8
4.43	8
4.44	8
4.45	8
4.46	9
4.47	9
4.48	9
4.49	9
4.5	9
4.51	9
4.5200000000000005	9
4.53	9
4.54	9
4.55	9
4.5600000000000005	9
4.57	9
4.58	9
4.59	9
4.6000000000000005	9
4.61	9
4.62	9
4.63	9
4.64	9
4.65	9
4.66	9
4.67	9
4.68	9
4.69	9
4.7	9
4.71	9
4.72	9
4.73	9
4.74	9
4.75	9
4.76	9
4.7700000000000005	9
4.78	9
4.79	9
4.8	9
4.8100000000000005	9
4.82	9
4.83	9
4.84	9
4.8500000000000005	9
4.86	9
4.87	9
4.88	9
4.89	9
4.9	9
4.91	9
4.92	9
4.93	9
4.94	9
4.95	9
4.96	9
4.97	9
4.98	9
4.99	9
5.0	9
5.01	9
5.0200000000000005	8
5.03	8
5.04	8
5.05	8
5.0600000000000005	8
5.07	8
5.08	8
5.09	8
5.1000000000000005	8
5.11	8
5.12	8
5.13	8
5.14	8
5.15	8
5.16	8
5.17	8
5.18	8
5.19	8
5.2	8
5.21	8
5.22	8
5.23	8
5.24	8
5.25	9
5.26	9
5.2700000000000005	9
5.28	9
5.29	9
5.3	9
5.3100000000000005	9
5.32	9
5.33	9
5.34	9
5.3500000000000005	9
5.36	9
5.37	9
5.38	9
5.39	9
5.4	9
5.41	9
5.42	9
5.43	9
5.44	9
5.45	9
5.46	9
5.47	9
5.48	9
5.49	9
5.5	9
5.51	9
5.5200000000000005	9
5.53	9
5.54	9
5.55	9
5.5600000000000005	9
5.57	9
5.58	9
5.59	9
5.6000000000000005	9
5.61	9
5.62	9
5.63	9
5.64	9
5.65	9
5.66	9
5.67	9
5.68	9
5.69	9
5.7	9
5.71	9
5.72	9
5.73	9
5.74	9
5.75	9
5.76	9
5.7700000000000005	9
5.78	9
5.79	9
5.8	9
5.8100000000000005	9
5.82	9
5.83	9
5.84	9
5.8500000000000005	9
5.86	9
5.87	9
5.88	9
5.89	9
5.9	9
5.91	9
5.92	9
5.93	9
5.94	9
5.95	9
5.96	9
5.97	9
5.98	9
5.99	9
6.0	9
6.01	9
6.0200000000000005	9
6.03	9
6.04	9
6.05	9
6.0600000000000005	9
6.07	9
6.08	9
6.09	9
6.1000000000000005	9
6.11	9
6.12	9
6.13	9
6.140000000000001	9
6.15	9
6.16	9
6.17	9
6.18	9
6.19	9
6.2	9
6.21	9
6.22	9
6.23	9
6.24	9
6.25	9
6.26	9
6.2700000000000005	9
6.28	9
6.29	8
6.3	9
6.3100000000000005	9
6.32	9
6.33	9
6.34	9
6.3500000000000005	9
6.36	9
6.37	9
6.38	9
6.390000000000001	9
6.4	9
6.41	9
6.42	9
6.43	9
6.44	9
6.45	9
6.46	9
6.47	9
6.48	9
6.49	9
6.5	9
6.51	9
6.5200000000000005	9
6.53	9
6.54	9
6.55	9
6.5600000000000005	9
6.57	9
6.58	9
6.59	9
6.6000000000000005	9
6.61	9
6.62	9
6.63	9
6.640000000000001	9
6.65	9
6.66	9
6.67	9
6.68	9
6.69	9
6.7	9
6.71	9
6.72	9
6.73	9
6.74	9
6.75	9
6.76	9
6.7700000000000005	9
6.78	9
6.79	9
6.8	9
6.8100000000000005	9
6.82	9
6.83	9
6.84	9
6.8500000000000005	9
6.86	9
6.87	9
6.88	9
6.890000000000001	9
6.9	9
6.91	9
6.92	9
6.93	9
6.94	9
6.95	9
6.96	9
6.97	9
6.98	9
6.99	9
7.0	9
7.01	9
7.0200000000000005	9
7.03	9
7.04	9
7.05	9
7.0600000000000005	9
7.07	9
7.08	9
7.09	9
7.1000000000000005	9
7.11	9
7.12	9
7.13	9
7.140000000000001	9
7.15	10
7.16	10
7.17	10
7.18	10
7.19	10
7.2	10
7.21	10
7.22	10
7.23	10
7.24	10
7.25	10
7.26	10
7.2700000000000005	10
7.28	10
7.29	10
7.3	10
7.3100000000000005	9
7.32	9
7.33	9
7.34	9
7.3500000000000005	9
7.36	9
7.37	9
7.38	9
7.390000000000001	9
7.4	9
7.41	9
7.42	9
7.43	9
7.44	9
7.45	9
7.46	9
7.47	9
7.48	9
7.49	9
7.5	9
7.51	9
7.5200000000000005	9
7.53	9
7.54	9
7.55	9
7.5600000000000005	9
7.57	9
7.58	9
7.59	9
7.6000000000000005	9
7.61	9
7.62	9
7.63	9
7.640000000000001	9
7.65	9
7.66	9
7.67	9
7.68	9
7.69	9
7.7	9
7.71	9
7.72	9
7.73	9
7.74	9
7.75	9
7.76	9
7.7700000000000005	9
7.78	9
7.79	9
7.8	9
7.8100000000000005	9
7.82	9
7.83	9
7.84	9
7.8500000000000005	9
7.86	9
7.87	9
7.88	8
7.890000000000001	8
7.9	8
7.91	8
7.92	8
7.930000000000001	8
7.94	8
7.95	8
7.96	8
7.97	8
7.98	8
7.99	8
8.0	8
8.01	8
8.02	8
8.03	9
8.040000000000001	9
8.05	9
8.06	9
8.07	9
8.08	9
8.09	9
8.1	9
8.11	9
8.120000000000001	9
8.13	8
8.14	8
8.15	8
8.16	8
8.17	8
8.18	8
8.19	8
8.2	8
8.21	8
8.22	8
8.23	8
8.24	8
8.25	8
8.26	8
8.27	8
8.28	8
8.290000000000001	9
8.3	9
8.31	9
8.32	9
8.33	9
8.34	9
8.35	9
8.36	9
8.370000000000001	9
8.38	9
8.39	9
8.4	9
8.41	9
8.42	9
8.43	9
8.44	9
8.45	9
8.46	9
8.47	9
8.48	9
8.49	9
8.5	9
8.51	9
8.52	9
8.53	9
8.540000000000001	9
8.55	9
8.56	9
8.57	9
8.58	9
8.59	9
8.6	9
8.61	9
8.620000000000001	9
8.63	9
8.64	9
8.65	9
8.66	9
8.67	9
8.68	9
8.69	9
8.700000000000001	9
8.71	9
8.72	9
8.73	9
8.74	9
8.75	9
8.76	9
8.77	9
8.78	9
8.790000000000001	9
8.8	9
8.81	9
8.82	9
8.83	9
8.84	9
8.85	9
8.86	9
8.870000000000001	9
8.88	9
8.89	9
8.9	9
8.91	9
8.92	9
8.93	9
8.94	9
8.950000000000001	9
8.96	9
8.97	9
8.98	9
8.99	9
9.0	9
9.01	9
9.02	9
9.03	9
9.040000000000001	9
9.05	9
9.06	9
9.07	9
9.08	9
9.09	9
9.1	9
9.11	9
9.120000000000001	9
9.13	9
9.14	9
9.15	9
9.16	9
9.17	9
9.18	9
9.19	9
9.200000000000001	9
9.21	9
9.22	9
9.23	9
9.24	9
9.25	9
9.26	9
9.27	9
9.28	9
9.290000000000001	9
9.3	9
9.31	9
9.32	9
9.33	9
9.34	9
9.35	9
9.36	9
9.370000000000001	9
9.38	9
9.39	9
9.4	9
9.41	9
9.42	9
9.43	9
9.44	9
9.450000000000001	9
9.46	9
9.47	9
9.48	9
9.49	9
9.5	9
9.51	9
9.52	9
9.53	9
9.540000000000001	9
9.55	9
9.56	9
9.57	9
9.58	9
9.59	9
9.6	9
9.61	9
9.620000000000001	9
9.63	9
9.64	9
9.65	9
9.66	9
9.67	9
9.68	9
9.69	9
9.700000000000001	9
9.71	9
9.72	9
9.73	9
9.74	9
9.75	9
9.76	9
9.77	9
9.78	9
9.790000000000001	9
9.8	9
9.81	9
9.82	9
9.83	9
9.84	9
9.85	9
9.86	9
9.870000000000001	9
9.88	9
9.89	9
9.9	9
9.91	9
9.92	9
9.93	9
9.94	9
9.950000000000001	9
9.96	9
9.97	9
9.98	9
9.99	9
10.0	9
10.01	9
10.02	9
10.03	9
10.040000000000001	9
10.05	9
10.06	9
10.07	9
10.08	9
10.09	9
10.1	9
10.11	9
10.120000000000001	9
10.13	9
10.14	9
10.15	9
10.16	9
10.17	9
10.18	9
10.19	9
10.200000000000001	9
10.21	9
10.22	9
10.23	9
10.24	9
10.25	9
10.26	9
10.27	9
10.28	9
10.290000000000001	9
10.3	9
10.31	9
10.32	9
10.33	9
10.34	9
10.35	9
10.36	9
10.370000000000001	9
10.38	9
10.39	9
10.4	9
10.41	9
10.42	9
10.43	9
10.44	9
10.450000000000001	9
10.46	9
10.47	9
10.48	9
10.49	9
10.5	9
10.51	9
10.52	9
10.53	9
10.540000000000001	9
10.55	9
10.56	9
10.57	9
10.58	9
10.59	9
10.6	9
10.61	9
10.620000000000001	9
10.63	9
10.64	9
10.65	9
10.66	9
10.67	9
10.68	9
10.69	9
10.700000000000001	9
10.71	9
10.72	9
10.73	9
10.74	9
10.75	9
10.76	9
10.77	9
10.78	9
10.790000000000001	9
10.8	9
10.81	9
10.82	9
10.83	9
10.84	9
10.85	9
10.86	9
10.870000000000001	9
10.88	9
10.89	9
10.9	9
10.91	9
10.92	9
10.93	9
10.94	9
10.950000000000001	9
10.96	9
10.97	9
10.98	9
10.99	9
11.0	9
11.01	9
11.02	9
11.03	9
11.040000000000001	9
11.05	9
11.06	9
11.07	9
11.08	9
11.09	9
11.1	9
11.11	9
11.120000000000001	9
11.13	9
11.14	9
11.15	9
11.16	9
11.17	9
11.18	9
11.19	9
11.200000000000001	9
11.21	9
11.22	9
11.23	8
11.24	8
11.25	8
11.26	8
11.27	8
11.28	8
11.290000000000001	8
11.3	8
11.31	8
11.32	8
11.33	8
11.34	8
11.35	9
11.36	9
11.370000000000001	9
11.38	9
11.39	9
11.4	9
11.41	9
11.42	9
11.43	9
11.44	9
11.450000000000001	9
11.46	9
11.47	9
11.48	9
11.49	9
11.5	9
11.51	9
11.52	9
11.53	9
11.540000000000001	9
11.55	9
11.56	9
11.57	9
11.58	9
11.59	9
11.6	9
11.61	9
11.620000000000001	9
11.63	9
11.64	9
11.65	9
11.66	9
11.67	9
11.68	9
11.69	9
11.700000000000001	9
11.71	9
11.72	9
11.73	9
11.74	9
11.75	9
11.76	9
11.77	9
11.78	9
11.790000000000001	9
11.8	9
11.81	9
11.82	9
11.83	9
11.84	9
11.85	9
11.86	9
11.870000000000001	9
11.88	9
11.89	9
11.9	9
11.91	9
11.92	9
11.93	9
11.94	9
11.950000000000001	9
11.96	9
11.97	9
11.98	9
11.99	9
12.0	9
12.01	9
12.02	9
12.030000000000001	9
12.040000000000001	9
12.05	9
12.06	9
12.07	9
12.08	9
12.09	9
12.1	9
12.11	9
12.120000000000001	9
12.13	9
12.14	9
12.15	9
12.16	9
12.17	9
12.18	9
12.19	9
12.200000000000001	9
12.21	9
12.22	9
12.23	9
12.24	9
12.25	9
12.26	9
12.27	9
12.280000000000001	9
12.290000000000001	9
12.3	9
12.31	9
12.32	9
12.33	9
12.34	9
12.35	9
12.36	9
12.370000000000001	9
12.38	9
12.39	9
12.4	9
12.41	9
12.42	9
12.43	9
12.44	9
12.450000000000001	9
12.46	9
12.47	9
12.48	9
12.49	9
12.5	9
12.51	9
12.52	9
12.530000000000001	9
12.540000000000001	9
12.55	9
12.56	9
12.57	9
12.58	9
12.59	9
12.6	9
12.61	9
12.620000000000001	9
12.63	9
12.64	9
12.65	9
12.66	9
12.67	9
12.68	9
12.69	9
12.700000000000001	9
12.71	9
12.72	9
12.73	9
12.74	9
12.75	9
12.76	9
12.77	9
12.780000000000001	9
12.790000000000001	9
12.8	9
12.81	9
12.82	9
12.83	9
12.84	9
12.85	9
12.86	9
12.870000000000001	9
12.88	9
12.89	9
12.9	9
12.91	9
12.92	9
12.93	9
12.94	9
12.950000000000001	9
12.96	9
12.97	9
12.98	9
12.99	9
13.0	9
13.01	9
13.02	9
13.030000000000001	9
13.040000000000001	9
13.05	9
13.06	9
13.07	9
13.08	9
13.09	9
13.1	9
13.11	9
13.120000000000001	9
13.13	9
13.14	9
13.15	9
13.16	9
13.17	9
13.18	9
13.19	9
13.200000000000001	9
13.21	9
13.22	9
13.23	9
13.24	9
13.25	9
13.26	9
13.27	9
13.280000000000001	9
13.290000000000001	9
13.3	9
13.31	9
13.32	9
13.33	9
13.34	9
13.35	9
13.36	9
13.370000000000001	9
13.38	9
13.39	9
13.4	9
13.41	9
13.42	9
13.43	9
13.44	9
13.450000000000001	9
13.46	9
13.47	9
13.48	9
13.49	9
13.5	9
13.51	9
13.52	9
13.530000000000001	9
13.540000000000001	9
13.55	9
13.56	9
13.57	9
13.58	9
13.59	9
13.6	9
13.61	9
13.620000000000001	9
13.63	9
13.64	9
13.65	9
13.66	9
13.67	9
13.68	9
13.69	9
13.700000000000001	9
13.71	9
13.72	9
13.73	9
13.74	9
13.75	9
13.76	9
13.77	9
13.780000000000001	9
13.790000000000001	9
13.8	9
13.81	9
13.82	9
13.83	9
13.84	9
13.85	9
13.86	9
13.870000000000001	9
13.88	9
13.89	9
13.9	9
13.91	9
13.92	9
13.93	9
13.94	9
13.950000000000001	9
13.96	9
13.97	9
13.98	9
13.99	9
14.0	9
14.01	9
14.02	9
14.030000000000001	9
14.040000000000001	9
14.05	9
14.06	9
14.07	9
14.08	9
14.09	9
14.1	9
14.11	9
14.120000000000001	9
14.13	9
14.14	9
14.15	9
14.16	9
14.17	9
14.18	9
14.19	9
14.200000000000001	9
14.21	9
14.22	9
14.23	9
14.24	9
14.25	9
14.26	9
14.27	9
14.280000000000001	9
14.290000000000001	9
14.3	9
14.31	9
14.32	9
14.33	9
14.34	9
14.35	9
14.36	9
14.370000000000001	9
14.38	9
14.39	9
14.4	9
14.41	9
14.42	9
14.43	9
14.44	9
14.450000000000001	9
14.46	9
14.47	9
14.48	9
14.49	9
14.5	9
14.51	9
14.52	9
14.530000000000001	9
14.540000000000001	9
14.55	9
14.56	9
14.57	9
14.58	9
14.59	9
14.6	9
14.61	9
14.620000000000001	8
14.63	8
14.64	8
14.65	8
14.66	8
14.67	8
14.68	8
14.69	8
14.700000000000001	9
14.71	9
14.72	9
14.73	9
14.74	9
14.75	9
14.76	9
14.77	9
14.780000000000001	8
14.790000000000001	9
14.8	9
14.81	9
14.82	9
14.83	9
14.84	9
14.85	9
14.86	9
14.870000000000001	9
14.88	9
14.89	9
14.9	9
14.91	9
14.92	9
14.93	9
14.94	9
14.950000000000001	9
14.96	9
14.97	9
14.98	9
14.99	9
15.0	9
15.01	9
15.02	9
15.030000000000001	9
15.040000000000001	9
15.05	9
15.06	9
15.07	9
15.08	9
15.09	9
15.1	9
15.11	9
15.120000000000001	9
15.13	9
15.14	9
15.15	9
15.16	9
15.17	9
15.18	9
15.19	9
15.200000000000001	9
15.21	9
15.22	9
15.23	9
15.24	9
15.25	9
15.26	9
15.27	9
15.280000000000001	9
15.290000000000001	9
15.3	9
15.31	9
15.32	9
15.33	9
15.34	9
15.35	9
15.36	9
15.370000000000001	9
15.38	9
15.39	9
15.4	9
15.41	9
15.42	9
15.43	9
15.44	9
15.450000000000001	9
15.46	9
15.47	9
15.48	9
15.49	9
15.5	9
15.51	9
15.52	9
15.530000000000001	9
15.540000000000001	9
15.55	9
15.56	9
15.57	9
15.58	9
15.59	9
15.6	9
15.610000000000001	9
15.620000000000001	9
15.63	9
15.64	9
15.65	9
15.66	9
15.67	9
15.68	9
15.69	9
15.700000000000001	9
15.71	9
15.72	9
15.73	9
15.74	9
15.75	9
15.76	9
15.77	9
15.780000000000001	9
15.790000000000001	9
15.8	9
15.81	9
15.82	9
15.83	9
15.84	9
15.85	9
15.860000000000001	9
15.870000000000001	9
15.88	9
15.89	9
15.9	9
15.91	9
15.92	9
15.93	9
15.94	9
15.950000000000001	9
15.96	9
15.97	9
15.98	9
15.99	9
16.0	9
16.01	9
16.02	9
16.03	9
16.04	9
16.05	9
16.06	9
16.07	9
16.080000000000002	9
16.09	9
16.1	9
16.11	9
16.12	9
16.13	8
16.14	8
16.15	8
16.16	8
16.17	8
16.18	8
16.19	8
16.2	9
16.21	9
16.22	9
16.23	9
16.240000000000002	9
16.25	9
16.26	9
16.27	9
16.28	9
16.29	9
16.3	9
16.31	9
16.32	9
16.330000000000002	9
16.34	9
16.35	9
16.36	9
16.37	9
16.38	9
16.39	9
16.4	9
16.41	9
16.42	9
16.43	9
16.44	9
16.45	9
16.46	9
16.47	9
16.48	9
16.490000000000002	9
16.5	9
16.51	9
16.52	9
16.53	9
16.54	9
16.55	9
16.56	9
16.57	9
16.580000000000002	9
16.59	9
16.6	9
16.61	9
16.62	9
16.63	9
16.64	9
16.65	9
16.66	9
16.67	9
16.68	9
16.69	9
16.7	9
16.71	9
16.72	9
16.73	9
16.740000000000002	9
16.75	9
16.76	9
16.77	9
16.78	9
16.79	9
16.8	9
16.81	9
16.82	9
16.830000000000002	9
16.84	9
16.85	9
16.86	9
16.87	9
16.88	9
16.89	9
16.9	10
16.91	10
16.92	10
16.93	10
16.94	10
16.95	10
16.96	10
16.97	9
16.98	9
16.990000000000002	9
17.0	9
17.01	9
17.02	9
17.03	9
17.04	9
17.05	9
17.06	9
17.07	9
17.080000000000002	9
17.09	9
17.1	9
17.11	9
17.12	9
17.13	9
17.14	9
17.150000000000002	9
17.16	9
17.17	9
17.18	9
17.19	9
17.2	9
17.21	9
17.22	9
17.23	9
17.240000000000002	9
17.25	9
17.26	9
17.27	9
17.28	9
17.29	8
17.3	8
17.31	8
17.32	8
17.330000000000002	8
17.34	8
17.35	9
17.36	9
17.37	9
17.38	9
17.39	9
17.400000000000002	9
17.41	9
17.42	9
17.43	9
17.44	9
17.45	9
17.46	9
17.47	9
17.48	9
17.490000000000002	9
17.5	9
17.51	9
17.52	9
17.53	9
17.54	9
17.55	9
17.56	9
17.57	9
17.580000000000002	9
17.59	9
17.6	8
17.61	8
17.62	8
17.63	8
17.64	8
17.650000000000002	8
17.66	8
17.67	9
17.68	9
17.69	9
17.7	9
17.71	9
17.72	9
17.73	9
17.740000000000002	9
17.75	9
17.76	9
17.77	9
17.78	9
17.79	9
17.8	9
17.81	9
17.82	9
17.830000000000002	9
17.84	9
17.85	9
17.86	9
17.87	9
17.88	9
17.89	9
17.900000000000002	9
17.91	9
17.92	9
17.93	9
17.94	9
17.95	9
17.96	9
17.97	9
17.98	9
17.990000000000002	9
18.0	9
18.01	9
18.02	9
18.03	9
18.04	9
18.05	9
18.06	9
18.07	9
18.080000000000002	9
18.09	9
18.1	9
18.11	9
18.12	9
18.13	9
18.14	9
18.150000000000002	9
18.16	9
18.17	9
18.18	9
18.19	9
18.2	9
18.21	9
18.22	9
18.23	9
18.240000000000002	9
18.25	9
18.26	9
18.27	9
18.28	9
18.29	9
18.3	9
18.31	9
18.32	9
18.330000000000002	9
18.34	9
18.35	9
18.36	9
18.37	9
18.38	9
18.39	9
18.400000000000002	9
18.41	9
18.42	9
18.43	9
18.44	9
18.45	9
18.46	9
18.47	9
18.48	9
18.490000000000002	9
18.5	9
18.51	9
18.52	9
18.53	9
18.54	9
18.55	9
18.56	9
18.57	9
18.580000000000002	9
18.59	9
18.6	9
18.61	9
18.62	9
18.63	9
18.64	9
18.650000000000002	9
18.66	9
18.67	9
18.68	9
18.69	9
18.7	9
18.71	9
18.72	9
18.73	9
18.740000000000002	9
18.75	9
18.76	9
18.77	9
18.78	9
18.79	9
18.8	9
18.81	9
18.82	9
18.830000000000002	9
18.84	9
18.85	9
18.86	9
18.87	9
18.88	9
18.89	9
18.900000000000002	9
18.91	9
18.92	9
18.93	9
18.94	9
18.95	9
18.96	9
18.97	9
18.98	9
18.990000000000002	9
19.0	9
19.01	9
19.02	9
19.03	9
19.04	9
19.05	9
19.06	9
19.07	9
19.080000000000002	9
19.09	9
19.1	9
19.11	9
19.12	9
19.13	9
19.14	9
19.150000000000002	9
19.16	9
19.17	9
19.18	9
19.19	9
19.2	9
19.21	9
19.22	9
19.23	9
19.240000000000002	9
19.25	9
19.26	9
19.27	9
19.28	9
19.29	9
19.3	9
19.31	9
19.32	9
19.330000000000002	9
19.34	9
19.35	9
19.36	9
19.37	9
19.38	9
19.39	9
19.400000000000002	9
19.41	9
19.42	9
19.43	9
19.44	9
19.45	9
19.46	9
19.47	9
19.48	9
19.490000000000002	9
19.5	9
19.51	9
19.52	9
19.53	9
19.54	9
19.55	9
19.56	9
19.57	9
19.580000000000002	9
19.59	9
19.6	9
19.61	9
19.62	9
19.63	9
19.64	9
19.650000000000002	9
19.66	9
19.67	9
19.68	9
19.69	9
19.7	9
19.71	9
19.72	9
19.73	9
19.740000000000002	9
19.75	9
19.76	9
19.77	9
19.78	9
19.79	9
19.8	9
19.81	9
19.82	9
19.830000000000002	9
19.84	9
19.85	9
19.86	9
19.87	9
19.88	8
19.89	8
19.900000000000002	8
19.91	8
19.92	8
19.93	8
19.94	8
19.95	8
19.96	8
19.97	8
19.98	8
19.990000000000002	8
20.0	8
20.01	8
20.02	8
20.03	8
20.04	8
20.05	8
20.06	8
20.07	8
20.080000000000002	8
20.09	8
20.1	8
20.11	8
20.12	8
20.13	8
20.14	8
20.150000000000002	8
20.16	8
20.17	8
20.18	8
20.19	8
20.2	8
20.21	8
20.22	8
20.23	8
20.240000000000002	8
20.25	8
20.26	8
20.27	8
20.28	8
20.29	8
20.3	8
20.31	8
20.32	8
20.330000000000002	8
20.34	8
20.35	8
20.36	8
20.37	8
20.38	8
20.39	8
20.400000000000002	8
20.41	8
20.42	8
20.43	9
20.44	9
20.45	9
20.46	9
20.47	9
20.48	9
20.490000000000002	9
20.5	8
20.51	8
20.52	8
20.53	8
20.54	8
20.55	8
20.56	8
20.57	8
20.580000000000002	8
20.59	8
20.6	8
20.61	8
20.62	8
20.63	8
20.64	8
20.650000000000002	8
20.66	8
20.67	8
20.68	8
20.69	8
20.7	8
20.71	8
20.72	8
20.73	9
20.740000000000002	9
20.75	9
20.76	9
20.77	9
20.78	9
20.79	9
20.8	9
20.81	9
20.82	8
20.830000000000002	8
20.84	8
20.85	8
20.86	8
20.87	8
20.88	8
20.89	8
20.900000000000002	9
20.91	9
20.92	9
20.93	9
20.94	9
20.95	9
20.96	9
20.97	9
20.98	9
20.990000000000002	10
21.0	10
21.01	10
21.02	10
21.03	10
21.04	10
21.05	10
21.06	10
21.07	10
21.080000000000002	10
21.09	10
21.1	10
21.11	10
21.12	10
21.13	10
21.14	10
21.150000000000002	10
21.16	9
21.17	9
21.18	9
21.19	9
21.2	9
21.21	9
21.22	8
21.23	8
21.240000000000002	8
21.25	9
21.26	9
21.27	9
21.28	9
21.29	9
21.3	9
21.31	9
21.32	9
21.330000000000002	9
21.34	9
21.35	9
21.36	9
21.37	9
21.38	9
21.39	9
21.400000000000002	9
21.41	9
21.42	9
21.43	9
21.44	9
21.45	9
21.46	9
21.47	9
21.48	9
21.490000000000002	9
21.5	9
21.51	9
21.52	9
21.53	9
21.54	9
21.55	9
21.56	9
21.57	9
21.580000000000002	9
21.59	9
21.6	9
21.61	9
21.62	9
21.63	9
21.64	9
21.650000000000002	9
21.66	9
21.67	9
21.68	9
21.69	8
21.7	9
21.71	9
21.72	9
21.73	9
21.740000000000002	9
21.75	9
21.76	9
21.77	9
21.78	9
21.79	9
21.8	9
21.81	9
21.82	9
21.830000000000002	9
21.84	9
21.85	9
21.86	9
21.87	9
21.88	9
21.89	9
21.900000000000002	9
21.91	9
21.92	9
21.93	9
21.94	9
21.95	9
21.96	9
21.97	9
21.98	9
21.990000000000002	9
22.0	9
22.01	9
22.02	9
22.03	9
22.04	9
22.05	9
22.06	9
22.07	9
22.080000000000002	9
22.09	9
22.1	9
22.11	9
22.12	9
22.13	9
22.14	9
22.150000000000002	9
22.16	9
22.17	9
22.18	9
22.19	9
22.2	9
22.21	9
22.22	9
22.23	9
22.240000000000002	9
22.25	9
22.26	9
22.27	9
22.28	9
22.29	9
22.3	9
22.31	9
22.32	9
22.330000000000002	9
22.34	9
22.35	9
22.36	9
22.37	9
22.38	9
22.39	9
22.400000000000002	9
22.41	9
22.42	9
22.43	9
22.44	9
22.45	9
22.46	9
22.47	9
22.48	9
22.490000000000002	9
22.5	9
22.51	8
22.52	8
22.53	8
22.54	9
22.55	9
22.56	9
22.57	9
22.580000000000002	9
22.59	9
22.6	9
22.61	9
22.62	9
22.63	9
22.64	9
22.650000000000002	9
22.66	9
22.67	9
22.68	9
22.69	9
22.7	9
22.71	9
22.72	9
22.73	9
22.740000000000002	9
22.75	9
22.76	9
22.77	9
22.78	9
22.79	9
22.8	9
22.81	9
22.82	9
22.830000000000002	9
22.84	9
22.85	9
22.86	9
22.87	9
22.88	9
22.89	9
22.900000000000002	9
22.91	9
22.92	9
22.93	9
22.94	9
22.95	9
22.96	9
22.97	9
22.98	9
22.990000000000002	9
23.0	9
23.01	9
23.02	9
23.03	9
23.04	9
23.05	9
23.06	9
23.07	9
23.080000000000002	9
23.09	9
23.1	9
23.11	9
23.12	9
23.13	9
23.14	9
23.150000000000002	9
23.16	9
23.17	9
23.18	9
23.19	9
23.2	9
23.21	9
23.22	9
23.23	9
23.240000000000002	9
23.25	9
23.26	9
23.27	9
23.28	9
23.29	9
23.3	9
23.31	9
23.32	9
23.330000000000002	9
23.34	9
23.35	9
23.36	9
23.37	9
23.38	9
23.39	9
23.400000000000002	9
23.41	9
23.42	9
23.43	9
23.44	9
23.45	9
23.46	9
23.47	9
23.48	9
23.490000000000002	9
23.5	9
23.51	9
23.52	9
23.53	9
23.54	9
23.55	9
23.56	9
23.57	9
23.580000000000002	9
23.59	9
23.6	9
23.61	9
23.62	9
23.63	9
23.64	9
23.650000000000002	9
23.66	9
23.67	9
23.68	9
23.69	9
23.7	9
23.71	9
23.72	9
23.73	9
23.740000000000002	9
23.75	9
23.76	9
23.77	9
23.78	9
23.79	9
23.8	9
23.81	9
23.82	9
23.830000000000002	9
23.84	9
23.85	9
23.86	9
23.87	9
23.88	9
23.89	9
23.900000000000002	9
23.91	9
23.92	9
23.93	9
23.94	9
23.95	9
23.96	9
23.97	9
23.98	9
23.990000000000002	9
24.0	9
24.01	9
24.02	9
24.03	9
24.04	9
24.05	9
24.060000000000002	9
24.07	9
24.080000000000002	9
24.09	9
24.1	9
24.11	9
24.12	9
24.13	9
24.14	9
24.150000000000002	9
24.16	9
24.17	9
24.18	9
24.19	9
24.2	9
24.21	9
24.22	9
24.23	9
24.240000000000002	9
24.25	9
24.26	9
24.27	9
24.28	9
24.29	9
24.3	9
24.310000000000002	9
24.32	9
24.330000000000002	9
24.34	9
24.35	9
24.36	9
24.37	9
24.38	9
24.39	9
24.400000000000002	9
24.41	9
24.42	9
24.43	9
24.44	9
24.45	9
24.46	9
24.47	9
24.48	9
24.490000000000002	9
24.5	9
24.51	9
24.52	9
24.53	9
24.54	9
24.55	9
24.560000000000002	9
24.57	9
24.580000000000002	9
24.59	9
24.6	9
24.61	9
24.62	9
24.63	9
24.64	9
24.650000000000002	9
24.66	9
24.67	9
24.68	9
24.69	9
24.7	9
24.71	9
24.72	9
24.73	9
24.740000000000002	9
24.75	9
24.76	9
24.77	9
24.78	9
24.79	9
24.8	9
24.810000000000002	9
24.82	9
24.830000000000002	9
24.84	9
24.85	9
24.86	9
24.87	9
24.88	9
24.89	9
24.900000000000002	9
24.91	9
24.92	9
24.93	9
24.94	9
24.95	9
24.96	9
24.97	9
24.98	9
24.990000000000002	9
25.0	9
25.01	9
25.02	9
25.03	9
25.04	9
25.05	9
25.060000000000002	9
25.07	9
25.080000000000002	9
25.09	9
25.1	9
25.11	9
25.12	9
25.13	9
25.14	9
25.150000000000002	9
25.16	9
25.17	9
25.18	9
25.19	9
25.2	9
25.21	9
25.22	9
25.23	9
25.240000000000002	9
25.25	9
25.26	9
25.27	9
25.28	9
25.29	9
25.3	9
25.310000000000002	9
25.32	9
25.330000000000002	9
25.34	9
25.35	9
25.36	9
25.37	9
25.38	9
25.39	9
25.400000000000002	9
25.41	9
25.42	9
25.43	9
25.44	9
25.45	9
25.46	9
25.47	9
25.48	9
25.490000000000002	9
25.5	9
25.51	9
25.52	9
25.53	9
25.54	9
25.55	9
25.560000000000002	9
25.57	9
25.580000000000002	9
25.59	9
25.6	9
25.61	9
25.62	9
25.63	9
25.64	9
25.650000000000002	9
25.66	9
25.67	9
25.68	9
25.69	9
25.7	9
25.71	9
25.72	9
25.73	9
25.740000000000002	9
25.75	9
25.76	9
25.77	9
25.78	9
25.79	9
25.8	9
25.810000000000002	9
25.82	9
25.830000000000002	9
25.84	9
25.85	9
25.86	9
25.87	9
25.88	9
25.89	9
25.900000000000002	9
25.91	9
25.92	9
25.93	9
25.94	9
25.95	9
25.96	9
25.97	9
25.98	9
25.990000000000002	9
26.0	9
26.01	9
26.02	9
26.03	9
26.04	9
26.05	9
26.060000000000002	9
26.07	9
26.080000000000002	9
26.09	9
26.1	9
26.11	9
26.12	9
26.13	9
26.14	9
26.150000000000002	9
26.16	9
26.17	9
26.18	9
26.19	9
26.2	9
26.21	9
26.22	9
26.23	9
26.240000000000002	9
26.25	9
26.26	9
26.27	9
26.28	9
26.29	9
26.3	9
26.310000000000002	9
26.32	9
26.330000000000002	9
26.34	9
26.35	9
26.36	9
26.37	9
26.38	9
26.39	9
26.400000000000002	9
26.41	9
26.42	9
26.43	9
26.44	9
26.45	9
26.46	9
26.47	9
26.48	9
26.490000000000002	9
26.5	9
26.51	9
26.52	9
26.53	9
26.54	9
26.55	9
26.560000000000002	9
26.57	9
26.580000000000002	9
26.59	9
26.6	9
26.61	9
26.62	9
26.63	9
26.64	9
26.650000000000002	9
26.66	9
26.67	9
26.68	9
26.69	9
26.7	9
26.71	9
26.72	9
26.73	9
26.740000000000002	9
26.75	9
26.76	9
26.77	9
26.78	9
26.79	9
26.8	9
26.810000000000002	9
26.82	9
26.830000000000002	9
26.84	9
26.85	9
26.86	9
26.87	9
26.88	9
26.89	9
26.900000000000002	9
26.91	9
26.92	9
26.93	9
26.94	9
26.95	9
26.96	9
26.97	9
26.98	9
26.990000000000002	9
27.0	9
27.01	9
27.02	9
27.03	9
27.04	9
27.05	9
27.060000000000002	9
27.07	9
27.080000000000002	9
27.09	9
27.1	9
27.11	9
27.12	9
27.13	9
27.14	9
27.150000000000002	9
27.16	9
27.17	9
27.18	9
27.19	9
27.2	9
27.21	9
27.22	9
27.23	9
27.240000000000002	9
27.25	9
27.26	9
27.27	9
27.28	9
27.29	9
27.3	9
27.310000000000002	9
27.32	9
27.330000000000002	9
27.34	9
27.35	9
27.36	9
27.37	9
27.38	9
27.39	9
27.400000000000002	9
27.41	9
27.42	9
27.43	9
27.44	9
27.45	9
27.46	9
27.47	9
27.48	9
27.490000000000002	9
27.5	9
27.51	9
27.52	9
27.53	9
27.54	9
27.55	9
27.560000000000002	9
27.57	9
27.580000000000002	9
27.59	9
27.6	9
27.61	9
27.62	9
27.63	9
27.64	9
27.650000000000002	9
27.66	9
27.67	9
27.68	9
27.69	9
27.7	9
27.71	9
27.72	9
27.73	9
27.740000000000002	9
27.75	9
27.76	9
27.77	9
27.78	9
27.79	9
27.8	9
27.810000000000002	9
27.82	9
27.830000000000002	9
27.84	9
27.85	9
27.86	9
27.87	9
27.88	9
27.89	9
27.900000000000002	9
27.91	9
27.92	9
27.93	9
27.94	9
27.95	9
27.96	10
27.97	10
27.98	10
27.990000000000002	10
28.0	10
28.01	10
28.02	10
28.03	10
28.04	10
28.05	10
28.060000000000002	10
28.07	9
28.080000000000002	9
28.09	9
28.1	9
28.11	9
28.12	9
28.13	9
28.14	9
28.150000000000002	9
28.16	9
28.17	9
28.18	9
28.19	9
28.2	9
28.21	9
28.22	9
28.23	9
28.240000000000002	9
28.25	9
28.26	9
28.27	9
28.28	9
28.29	9
28.3	9
28.310000000000002	9
28.32	9
28.330000000000002	9
28.34	9
28.35	9
28.36	9
28.37	9
28.38	9
28.39	9
28.400000000000002	9
28.41	9
28.42	9
28.43	9
28.44	9
28.45	9
28.46	9
28.47	9
28.48	9
28.490000000000002	9
28.5	9
28.51	9
28.52	9
28.53	9
28.54	9
28.55	9
28.560000000000002	9
28.57	9
28.580000000000002	9
28.59	9
28.6	9
28.61	9
28.62	9
28.63	9
28.64	9
28.650000000000002	8
28.66	8
28.67	8
28.68	8
28.69	8
28.7	9
28.71	9
28.72	9
28.73	9
28.740000000000002	9
28.75	9
28.76	9
28.77	9
28.78	9
28.79	9
28.8	9
28.810000000000002	9
28.82	9
28.830000000000002	9
28.84	9
28.85	9
28.86	9
28.87	9
28.88	9
28.89	9
28.900000000000002	9
28.91	9
28.92	9
28.93	9
28.94	9
28.95	9
28.96	9
28.97	9
28.98	9
28.990000000000002	9
29.0	9
29.01	9
29.02	9
29.03	9
29.04	9
29.05	9
29.060000000000002	9
29.07	9
29.080000000000002	9
29.09	9
29.1	9
29.11	9
29.12	9
29.13	9
29.14	9
29.150000000000002	9
29.16	9
29.17	9
29.18	9
29.19	9
29.2	8
29.21	8
29.22	8
29.23	8
29.240000000000002	9
29.25	9
29.26	9
29.27	9
29.28	9
29.29	9
29.3	9
29.310000000000002	9
29.32	9
29.330000000000002	9
29.34	9
29.35	9
29.36	9
29.37	9
29.38	9
29.39	9
29.400000000000002	9
29.41	9
29.42	9
29.43	9
29.44	9
29.45	9
29.46	9
29.47	9
29.48	9
29.490000000000002	9
29.5	9
29.51	9
29.52	9
29.53	9
29.54	9
29.55	9
29.560000000000002	9
29.57	9
29.580000000000002	9
29.59	9
29.6	9
29.61	9
29.62	9
29.63	9
29.64	9
29.650000000000002	9
29.66	9
29.67	9
29.68	9
29.69	9
29.7	9
29.71	9
29.72	9
29.73	9
29.740000000000002	9
29.75	9
29.76	9
29.77	9
29.78	9
29.79	9
29.8	9
29.810000000000002	9
29.82	9
29.830000000000002	9
29.84	9
29.85	9
29.86	9
29.87	9
29.88	9
29.89	9
29.900000000000002	9
29.91	9
29.92	9
29.93	9
29.94	9
29.95	9
29.96	9
29.97	9
29.98	9
29.990000000000002	9
30.0	9
30.01	9
30.02	9
30.03	9
30.04	9
30.05	9
30.060000000000002	9
30.07	9
30.080000000000002	9
30.09	9
30.1	9
30.11	9
30.12	9
30.13	9
30.14	9
30.150000000000002	9
30.16	9
30.17	9
30.18	9
30.19	9
30.2	9
30.21	9
30.22	9
30.23	9
30.240000000000002	9
30.25	9
30.26	9
30.27	9
30.28	9
30.29	9
30.3	9
30.310000000000002	9
30.32	8
30.330000000000002	8
30.34	9
30.35	9
30.36	9
30.37	9
30.38	9
30.39	9
30.400000000000002	9
30.41	9
30.42	9
30.43	9
30.44	9
30.45	9
30.46	9
30.47	9
30.48	9
30.490000000000002	9
30.5	9
30.51	9
30.52	9
30.53	9
30.54	9
30.55	9
30.560000000000002	9
30.57	9
30.580000000000002	9
30.59	9
30.6	9
30.61	9
30.62	9
30.63	9
30.64	9
30.650000000000002	9
30.66	9
30.67	9
30.68	9
30.69	9
30.7	9
30.71	9
30.72	9
30.73	9
30.740000000000002	9
30.75	9
30.76	9
30.77	9
30.78	9
30.79	9
30.8	9
30.810000000000002	9
30.82	9
30.830000000000002	9
30.84	9
30.85	9
30.86	9
30.87	9
30.88	9
30.89	9
30.900000000000002	9
30.91	9
30.92	9
30.93	9
30.94	9
30.95	9
30.96	9
30.970000000000002	9
30.98	9
30.990000000000002	9
31.0	9
31.01	9
31.02	9
31.03	9
31.04	9
31.05	9
31.060000000000002	9
31.07	9
31.080000000000002	9
31.09	9
31.1	9
31.11	9
31.12	9
31.13	9
31.14	9
31.150000000000002	9
31.16	9
31.17	9
31.18	9
31.19	9
31.2	9
31.21	9
31.220000000000002	9
31.23	9
31.240000000000002	9
31.25	9
31.26	9
31.27	9
31.28	9
31.29	9
31.3	9
31.310000000000002	9
31.32	8
31.330000000000002	8
31.34	8
31.35	8
31.36	8
31.37	8
31.38	8
31.39	8
31.400000000000002	8
31.41	8
31.42	8
31.43	8
31.44	8
31.45	8
31.46	8
31.470000000000002	8
31.48	8
31.490000000000002	8
31.5	8
31.51	8
31.52	8
31.53	8
31.54	8
31.55	8
31.560000000000002	8
31.57	8
31.580000000000002	8
31.59	8
31.6	8
31.61	8
31.62	9
31.63	9
31.64	9
31.650000000000002	9
31.66	9
31.67	9
31.68	9
31.69	9
31.7	9
31.71	9
31.720000000000002	9
31.73	9
31.740000000000002	9
31.75	9
31.76	9
31.77	9
31.78	9
31.79	9
31.8	9
31.810000000000002	9
31.82	9
31.830000000000002	8
31.84	8
31.85	8
31.86	8
31.87	8
31.88	8
31.89	8
31.900000000000002	8
31.91	9
31.92	9
31.93	9
31.94	9
31.95	9
31.96	9
31.970000000000002	9
31.98	9
31.990000000000002	9
32.0	9
32.01	9
32.02	9
32.03	9
32.04	9
32.05	9
32.06	9
32.07	9
32.08	9
32.09	9
32.1	9
32.11	9
32.12	9
32.13	9
32.14	9
32.15	9
32.160000000000004	9
32.17	9
32.18	9
32.19	9
32.2	9
32.21	9
32.22	9
32.230000000000004	9
32.24	9
32.25	9
32.26	9
32.27	9
32.28	9
32.29	9
32.3	9
32.31	9
32.32	9
32.33	9
32.34	9
32.35	9
32.36	9
32.37	9
32.38	9
32.39	9
32.4	9
32.410000000000004	9
32.42	9
32.43	9
32.44	9
32.45	9
32.46	9
32.47	9
32.480000000000004	9
32.49	9
32.5	9
32.51	9
32.52	9
32.53	9
32.54	9
32.55	9
32.56	9
32.57	9
32.58	9
32.59	9
32.6	9
32.61	9
32.62	9
32.63	9
32.64	9
32.65	9
32.660000000000004	9
32.67	9
32.68	9
32.69	9
32.7	9
32.71	9
32.72	9
32.730000000000004	9
32.74	9
32.75	9
32.76	9
32.77	8
32.78	8
32.79	9
32.8	9
32.81	9
32.82	9
32.83	9
32.84	9
32.85	9
32.86	9
32.87	9
32.88	9
32.89	9
32.9	9
32.910000000000004	9
32.92	9
32.93	9
32.94	9
32.95	9
32.96	9
32.97	9
32.980000000000004	9
32.99	9
33.0	9
33.01	9
33.02	9
33.03	9
33.04	9
33.05	9
33.06	9
33.07	9
33.08	9
33.09	9
33.1	9
33.11	9
33.12	9
33.13	9
33.14	9
33.15	9
33.160000000000004	9
33.17	9
33.18	9
33.19	9
33.2	9
33.21	9
33.22	9
33.230000000000004	9
33.24	9
33.25	9
33.26	9
33.27	9
33.28	9
33.29	9
33.3	9
33.31	9
33.32	9
33.33	9
33.34	9
33.35	9
33.36	9
33.37	9
33.38	9
33.39	9
33.4	9
33.410000000000004	9
33.42	9
33.43	9
33.44	9
33.45	9
33.46	9
33.47	9
33.480000000000004	9
33.49	9
33.5	9
33.51	9
33.52	9
33.53	9
33.54	9
33.55	9
33.56	9
33.57	9
33.58	9
33.59	9
33.6	9
33.61	9
33.62	9
33.63	9
33.64	9
33.65	9
33.660000000000004	9
33.67	9
33.68	9
33.69	9
33.7	9
33.71	9
33.72	9
33.730000000000004	9
33.74	9
33.75	9
33.76	9
33.77	9
33.78	9
33.79	9
33.8	9
33.81	9
33.82	9
33.83	9
33.84	9
33.85	9
33.86	9
33.87	9
33.88	9
33.89	9
33.9	9
33.910000000000004	9
33.92	9
33.93	9
33.94	9
33.95	9
33.96	9
33.97	9
33.980000000000004	9
33.99	9
34.0	9
34.01	9
34.02	9
34.03	9
34.04	9
34.05	9
34.06	9
34.07	9
34.08	9
34.09	9
34.1	9
34.11	9
34.12	9
34.13	9
34.14	9
34.15	9
34.160000000000004	9
34.17	9
34.18	9
34.19	9
34.2	9
34.21	9
34.22	9
34.230000000000004	9
34.24	9
34.25	9
34.26	9
34.27	9
34.28	9
34.29	9
34.300000000000004	9
34.31	9
34.32	9
34.33	9
34.34	9
34.35	9
34.36	9
34.37	9
34.38	9
34.39	9
34.4	9
34.410000000000004	9
34.42	9
34.43	9
34.44	9
34.45	9
34.46	9
34.47	9
34.480000000000004	9
34.49	9
34.5	9
34.51	9
34.52	9
34.53	9
34.54	9
34.550000000000004	9
34.56	9
34.57	9
34.58	9
34.59	9
34.6	8
34.61	8
34.62	8
34.63	8
34.64	8
34.65	8
34.660000000000004	8
34.67	8
34.68	9
34.69	9
34.7	9
34.71	9
34.72	9
34.730000000000004	9
34.74	9
34.75	9
34.76	9
34.77	9
34.78	9
34.79	9
34.800000000000004	9
34.81	9
34.82	9
34.83	9
34.84	9
34.85	9
34.86	9
34.87	9
34.88	9
34.89	9
34.9	9
34.910000000000004	9
34.92	9
34.93	8
34.94	8
34.95	8
34.96	8
34.97	8
34.980000000000004	8
34.99	8
35.0	8
35.01	8
35.02	8
35.03	8
35.04	8
35.050000000000004	8
35.06	8
35.07	8
35.08	8
35.09	8
35.1	8
35.11	8
35.12	8
35.13	8
35.14	8
35.15	8
35.160000000000004	8
35.17	8
35.18	8
35.19	8
35.2	8
35.21	8
35.22	8
35.230000000000004	8
35.24	8
35.25	8
35.26	8
35.27	8
35.28	8
35.29	8
35.300000000000004	8
35.31	8
35.32	8
35.33	8
35.34	8
35.35	8
35.36	8
35.37	8
35.38	8
35.39	8
35.4	8
35.410000000000004	8
35.42	8
35.43	8
35.44	8
35.45	8
35.46	8
35.47	8
35.480000000000004	8
35.49	8
35.5	9
35.51	9
35.52	9
35.53	9
35.54	9
35.550000000000004	9
35.56	9
35.57	9
35.58	9
35.59	9
35.6	8
35.61	8
35.62	8
35.63	8
35.64	8
35.65	8
35.660000000000004	8
35.67	8
35.68	8
35.69	8
35.7	8
35.71	8
35.72	8
35.730000000000004	8
35.74	8
35.75	8
35.76	8
35.77	9
35.78	9
35.79	9
35.800000000000004	9
35.81	9
35.82	9
35.83	9
35.84	9
35.85	9
35.86	9
35.87	9
35.88	9
35.89	9
35.9	9
35.910000000000004	9
35.92	9
35.93	9
35.94	9
35.95	9
35.96	9
35.97	9
35.980000000000004	9
35.99	9
36.0	9
36.01	9
36.02	9
36.03	9
36.04	9
36.050000000000004	9
36.06	9
36.07	9
36.08	9
36.09	9
36.1	9
36.11	9
36.12	9
36.13	9
36.14	9
36.15	9
36.160000000000004	9
36.17	9
36.18	9
36.19	9
36.2	9
36.21	9
36.22	9
36.230000000000004	9
36.24	9
36.25	9
36.26	9
36.27	9
36.28	9
36.29	9
36.300000000000004	9
36.31	9
36.32	9
36.33	9
36.34	9
36.35	9
36.36	9
36.37	9
36.38	9
36.39	9
36.4	9
36.410000000000004	9
36.42	9
36.43	9
36.44	9
36.45	9
36.46	9
36.47	9
36.480000000000004	9
36.49	9
36.5	9
36.51	9
36.52	9
36.53	9
36.54	9
36.550000000000004	9
36.56	9
36.57	9
36.58	9
36.59	9
36.6	9
36.61	9
36.62	9
36.63	9
36.64	9
36.65	9
36.660000000000004	9
36.67	9
36.68	9
36.69	9
36.7	9
36.71	9
36.72	9
36.730000000000004	9
36.74	9
36.75	9
36.76	9
36.77	9
36.78	9
36.79	9
36.800000000000004	9
36.81	9
36.82	9
36.83	9
36.84	9
36.85	9
36.86	9
36.87	9
36.88	9
36.89	8
36.9	8
36.910000000000004	8
36.92	8
36.93	8
36.94	8
36.95	8
36.96	8
36.97	8
36.980000000000004	8
36.99	8
37.0	8
37.01	8
37.02	8
37.03	8
37.04	8
37.050000000000004	8
37.06	8
37.07	8
37.08	8
37.09	8
37.1	8
37.11	8
37.12	8
37.13	8
37.14	8
37.15	8
37.160000000000004	8
37.17	8
37.18	8
37.19	8
37.2	8
37.21	8
37.22	9
37.230000000000004	9
37.24	9
37.25	9
37.26	9
37.27	9
37.28	9
37.29	9
37.300000000000004	9
37.31	9
37.32	9
37.33	9
37.34	9
37.35	9
37.36	9
37.37	9
37.38	9
37.39	9
37.4	9
37.410000000000004	9
37.42	9
37.43	9
37.44	9
37.45	9
37.46	9
37.47	9
37.480000000000004	9
37.49	9
37.5	9
37.51	9
37.52	9
37.53	9
37.54	9
37.550000000000004	9
37.56	9
37.57	9
37.58	9
37.59	9
37.6	9
37.61	9
37.62	9
37.63	9
37.64	9
37.65	9
37.660000000000004	9
37.67	9
37.68	9
37.69	9
37.7	9
37.71	9
37.72	9
37.730000000000004	9
37.74	9
37.75	9
37.76	9
37.77	9
37.78	9
37.79	9
37.800000000000004	9
37.81	9
37.82	9
37.83	9
37.84	9
37.85	9
37.86	9
37.87	9
37.88	9
37.89	9
37.9	9
37.910000000000004	9
37.92	9
37.93	9
37.94	9
37.95	9
37.96	9
37.97	9
37.980000000000004	9
37.99	9
38.0	9
38.01	9
38.02	9
38.03	9
38.04	9
38.050000000000004	9
38.06	9
38.07	9
38.08	9
38.09	9
38.1	9
38.11	9
38.12	9
38.13	9
38.14	9
38.15	9
38.160000000000004	9
38.17	9
38.18	9
38.19	9
38.2	9
38.21	9
38.22	9
38.230000000000004	9
38.24	9
38.25	9
38.26	9
38.27	9
38.28	9
38.29	9
38.300000000000004	9
38.31	9
38.32	9
38.33	9
38.34	9
38.35	9
38.36	9
38.37	9
38.38	9
38.39	9
38.4	9
38.410000000000004	9
38.42	9
38.43	9
38.44	9
38.45	9
38.46	9
38.47	9
38.480000000000004	9
38.49	9
38.5	9
38.51	9
38.52	9
38.53	9
38.54	9
38.550000000000004	9
38.56	9
38.57	9
38.58	9
38.59	9
38.6	9
38.61	9
38.62	9
38.63	9
38.64	9
38.65	9
38.660000000000004	9
38.67	9
38.68	9
38.69	9
38.7	9
38.71	9
38.72	9
38.730000000000004	9
38.74	9
38.75	9
38.76	9
38.77	9
38.78	9
38.79	9
38.800000000000004	9
38.81	9
38.82	9
38.83	9
38.84	9
38.85	9
38.86	9
38.87	9
38.88	9
38.89	9
38.9	9
38.910000000000004	9
38.92	9
38.93	9
38.94	9
38.95	9
38.96	9
38.97	9
38.980000000000004	9
38.99	9
39.0	9
39.01	9
39.02	9
39.03	9
39.04	9
39.050000000000004	9
39.06	9
39.07	9
39.08	9
39.09	9
39.1	9
39.11	9
39.12	9
39.13	9
39.14	9
39.15	9
39.160000000000004	9
39.17	9
39.18	9
39.19	9
39.2	9
39.21	9
39.22	9
39.230000000000004	9
39.24	9
39.25	9
39.26	9
39.27	9
39.28	9
39.29	9
39.300000000000004	9
39.31	9
39.32	9
39.33	9
39.34	9
39.35	9
39.36	9
39.37	9
39.38	9
39.39	9
39.4	9
39.410000000000004	9
39.42	9
39.43	9
39.44	9
39.45	9
39.46	9
39.47	9
39.480000000000004	9
39.49	9
39.5	9
39.51	9
39.52	9
39.53	9
39.54	9
39.550000000000004	9
39.56	9
39.57	9
39.58	9
39.59	9
39.6	9
39.61	9
39.62	9
39.63	9
39.64	9
39.65	9
39.660000000000004	9
39.67	9
39.68	9
39.69	9
39.7	9
39.71	9
39.72	9
39.730000000000004	9
39.74	9
39.75	9
39.76	9
39.77	9
39.78	9
39.79	9
39.800000000000004	9
39.81	9
39.82	9
39.83	9
39.84	9
39.85	9
39.86	9
39.87	9
39.88	9
39.89	9
39.9	9
39.910000000000004	9
39.92	9
39.93	9
39.94	9
39.95	9
39.96	9
39.97	9
39.980000000000004	9
39.99	9
40.0	9
40.01	9
40.02	9
40.03	9
40.04	9
40.050000000000004	9
40.06	8
40.07	8
40.08	8
40.09	9
40.1	9
40.11	9
40.12	9
40.13	9
40.14	9
40.15	9
40.160000000000004	9
40.17	9
40.18	9
40.19	9
40.2	9
40.21	9
40.22	9
40.230000000000004	9
40.24	9
40.25	9
40.26	9
40.27	9
40.28	9
40.29	9
40.300000000000004	9
40.31	9
40.32	9
40.33	9
40.34	9
40.35	9
40.36	9
40.37	9
40.38	9
40.39	9
40.4	9
40.410000000000004	9
40.42	9
40.43	9
40.44	9
40.45	9
40.46	9
40.47	9
40.480000000000004	9
40.49	9
40.5	9
40.51	9
40.52	9
40.53	9
40.54	9
40.550000000000004	9
40.56	9
40.57	9
40.58	9
40.59	9
40.6	9
40.61	9
40.62	9
40.63	9
40.64	9
40.65	9
40.660000000000004	9
40.67	9
40.68	9
40.69	9
40.7	9
40.71	9
40.72	9
40.730000000000004	9
40.74	9
40.75	9
40.76	9
40.77	9
40.78	9
40.79	9
40.800000000000004	9
40.81	9
40.82	9
40.83	9
40.84	9
40.85	9
40.86	9
40.87	9
40.88	9
40.89	9
40.9	9
40.910000000000004	9
40.92	9
40.93	9
40.94	9
40.95	9
40.96	9
40.97	9
40.980000000000004	9
40.99	9
41.0	9
41.01	9
41.02	9
41.03	9
41.04	9
41.050000000000004	9
41.06	9
41.07	9
41.08	9
41.09	9
41.1	9
41.11	9
41.12	9
41.13	9
41.14	9
41.15	9
41.160000000000004	9
41.17	9
41.18	9
41.19	9
41.2	9
41.21	9
41.22	9
41.230000000000004	9
41.24	9
41.25	9
41.26	9
41.27	9
41.28	9
41.29	9
41.300000000000004	9
41.31	9
41.32	9
41.33	9
41.34	9
41.35	9
41.36	9
41.37	9
41.38	9
41.39	9
41.4	9
41.410000000000004	9
41.42	9
41.43	9
41.44	9
41.45	9
41.46	9
41.47	9
41.480000000000004	9
41.49	9
41.5	9
41.51	9
41.52	9
41.53	9
41.54	9
41.550000000000004	9
41.56	9
41.57	9
41.58	9
41.59	9
41.6	9
41.61	9
41.62	9
41.63	9
41.64	9
41.65	9
41.660000000000004	9
41.67	9
41.68	9
41.69	9
41.7	9
41.71	9
41.72	9
41.730000000000004	9
41.74	9
41.75	9
41.76	9
41.77	9
41.78	9
41.79	9
41.800000000000004	9
41.81	9
41.82	9
41.83	9
41.84	9
41.85	9
41.86	9
41.87	9
41.88	9
41.89	9
41.9	9
41.910000000000004	9
41.92	9
41.93	9
41.94	9
41.95	9
41.96	9
41.97	9
41.980000000000004	9
41.99	9
42.0	9
42.01	9
42.02	9
42.03	9
42.04	9
42.050000000000004	9
42.06	9
42.07	9
42.08	9
42.09	9
42.1	9
42.11	8
42.12	8
42.13	8
42.14	8
42.15	8
42.160000000000004	8
42.17	8
42.18	8
42.19	8
42.2	8
42.21	8
42.22	8
42.230000000000004	8
42.24	8
42.25	8
42.26	8
42.27	8
42.28	8
42.29	8
42.300000000000004	8
42.31	9
42.32	9
42.33	9
42.34	9
42.35	9
42.36	9
42.37	9
42.38	9
42.39	9
42.4	9
42.410000000000004	9
42.42	9
42.43	9
42.44	9
42.45	9
42.46	9
42.47	9
42.480000000000004	9
42.49	9
42.5	9
42.51	9
42.52	9
42.53	9
42.54	9
42.550000000000004	9
42.56	9
42.57	9
42.58	9
42.59	9
42.6	9
42.61	9
42.62	9
42.63	9
42.64	9
42.65	9
42.660000000000004	10
42.67	10
42.68	10
42.69	10
42.7	10
42.71	11
42.72	11
42.730000000000004	11
42.74	11
42.75	11
42.76	11
42.77	11
42.78	11
42.79	11
42.800000000000004	11
42.81	11
42.82	11
42.83	11
42.84	10
42.85	10
42.86	10
42.87	10
42.88	10
42.89	9
42.9	9
42.910000000000004	9
42.92	9
42.93	9
42.94	9
42.95	9
42.96	9
42.97	9
42.980000000000004	9
42.99	9
43.0	9
43.01	9
43.02	9
43.03	9
43.04	9
43.050000000000004	9
43.06	9
43.07	9
43.08	9
43.09	9
43.1	9
43.11	9
43.12	9
43.13	9
43.14	9
43.15	9
43.160000000000004	9
43.17	9
43.18	9
43.19	9
43.2	9
43.21	9
43.22	9
43.230000000000004	9
43.24	9
43.25	9
43.26	9
43.27	9
43.28	9
43.29	9
43.300000000000004	9
43.31	9
43.32	9
43.33	9
43.34	9
43.35	9
43.36	9
43.37	9
43.38	9
43.39	9
43.4	9
43.410000000000004	9
43.42	9
43.43	9
43.44	9
43.45	9
43.46	9
43.47	9
43.480000000000004	9
43.49	9
43.5	9
43.51	9
43.52	9
43.53	9
43.54	9
43.550000000000004	9
43.56	9
43.57	9
43.58	9
43.59	9
43.6	9
43.61	9
43.62	9
43.63	9
43.64	9
43.65	9
43.660000000000004	9
43.67	9
43.68	9
43.69	9
43.7	9
43.71	9
43.72	9
43.730000000000004	9
43.74	9
43.75	9
43.76	9
43.77	9
43.78	8
43.79	8
43.800000000000004	8
43.81	8
43.82	8
43.83	8
43.84	8
43.85	8
43.86	8
43.87	8
43.88	8
43.89	8
43.9	9
43.910000000000004	9
43.92	9
43.93	9
43.94	9
43.95	9
43.96	9
43.97	9
43.980000000000004	9
43.99	9
44.0	9
44.01	9
44.02	9
44.03	9
44.04	9
44.050000000000004	9
44.06	9
44.07	9
44.08	9
44.09	9
44.1	9
44.11	9
44.12	9
44.13	9
44.14	9
44.15	9
44.160000000000004	9
44.17	9
44.18	9
44.19	9
44.2	9
44.21	9
44.22	9
44.230000000000004	9
44.24	9
44.25	9
44.26	9
44.27	9
44.28	9
44.29	9
44.300000000000004	9
44.31	9
44.32	9
44.33	9
44.34	9
44.35	9
44.36	9
44.37	9
44.38	9
44.39	9
44.4	9
44.410000000000004	9
44.42	9
44.43	9
44.44	9
44.45	9
44.46	9
44.47	9
44.480000000000004	9
44.49	9
44.5	9
44.51	9
44.52	9
44.53	9
44.54	9
44.550000000000004	9
44.56	9
44.57	9
44.58	9
44.59	9
44.6	9
44.61	9
44.62	9
44.63	9
44.64	9
44.65	9
44.660000000000004	9
44.67	9
44.68	9
44.69	9
44.7	9
44.71	9
44.72	9
44.730000000000004	9
44.74	9
44.75	9
44.76	9
44.77	9
44.78	9
44.79	9
44.800000000000004	9
44.81	9
44.82	9
44.83	9
44.84	9
44.85	9
44.86	9
44.87	9
44.88	9
44.89	9
44.9	9
44.910000000000004	9
44.92	9
44.93	9
44.94	9
44.95	9
44.96	9
44.97	9
44.980000000000004	9
44.99	9
45.0	9
45.01	9
45.02	9
45.03	9
45.04	9
45.050000000000004	9
45.06	9
45.07	9
45.08	9
45.09	9
45.1	9
45.11	9
45.12	9
45.13	9
45.14	9
45.15	9
45.160000000000004	9
45.17	9
45.18	9
45.19	9
45.2	9
45.21	9
45.22	9
45.230000000000004	9
45.24	9
45.25	9
45.26	9
45.27	9
45.28	9
45.29	9
45.300000000000004	9
45.31	9
45.32	9
45.33	9
45.34	9
45.35	9
45.36	9
45.37	9
45.38	9
45.39	9
45.4	9
45.410000000000004	9
45.42	9
45.43	9
45.44	9
45.45	9
45.46	9
45.47	9
45.480000000000004	9
45.49	9
45.5	9
45.51	9
45.52	9
45.53	9
45.54	9
45.550000000000004	9
45.56	9
45.57	9
45.58	9
45.59	9
45.6	9
45.61	9
45.62	9
45.63	9
45.64	9
45.65	9
45.660000000000004	9
45.67	9
45.68	9
45.69	9
45.7	9
45.71	9
45.72	9
45.730000000000004	9
45.74	9
45.75	9
45.76	9
45.77	9
45.78	9
45.79	9
45.800000000000004	9
45.81	9
45.82	9
45.83	9
45.84	9
45.85	9
45.86	9
45.87	9
45.88	9
45.89	9
45.9	9
45.910000000000004	9
45.92	9
45.93	9
45.94	9
45.95	9
45.96	9
45.97	9
45.980000000000004	9
45.99	9
46.0	9
46.01	9
46.02	9
46.03	9
46.04	9
46.050000000000004	9
46.06	9
46.07	9
46.08	9
46.09	9
46.1	9
46.11	9
46.12	9
46.13	9
46.14	9
46.15	9
46.160000000000004	9
46.17	9
46.18	9
46.19	9
46.2	9
46.21	9
46.22	9
46.230000000000004	9
46.24	9
46.25	9
46.26	9
46.27	9
46.28	9
46.29	9
46.300000000000004	9
46.31	9
46.32	9
46.33	9
46.34	9
46.35	9
46.36	9
46.37	9
46.38	9
46.39	9
46.4	9
46.410000000000004	9
46.42	9
46.43	9
46.44	9
46.45	9
46.46	9
46.47	9
46.480000000000004	9
46.49	9
46.5	9
46.51	9
46.52	9
46.53	9
46.54	9
46.550000000000004	9
46.56	9
46.57	9
46.58	9
46.59	9
46.6	8
46.61	8
46.62	8
46.63	8
46.64	8
46.65	8
46.660000000000004	9
46.67	9
46.68	9
46.69	9
46.7	9
46.71	9
46.72	9
46.730000000000004	9
46.74	9
46.75	9
46.76	9
46.77	9
46.78	9
46.79	9
46.800000000000004	9
46.81	9
46.82	9
46.83	9
46.84	9
46.85	9
46.86	9
46.87	9
46.88	9
46.89	9
46.9	9
46.910000000000004	9
46.92	9
46.93	9
46.94	9
46.95	9
46.96	9
46.97	8
46.980000000000004	8
46.99	8
47.0	8
47.01	8
47.02	8
47.03	8
47.04	8
47.050000000000004	8
47.06	8
47.07	8
47.08	8
47.09	9
47.1	9
47.11	9
47.12	9
47.13	9
47.14	9
47.15	9
47.160000000000004	9
47.17	9
47.18	9
47.19	9
47.2	9
47.21	9
47.22	9
47.230000000000004	9
47.24	9
47.25	9
47.26	9
47.27	9
47.28	9
47.29	9
47.300000000000004	9
47.31	9
47.32	8
47.33	8
47.34	8
47.35	8
47.36	8
47.37	8
47.38	8
47.39	8
47.4	8
47.410000000000004	8
47.42	8
47.43	8
47.44	8
47.45	8
47.46	8
47.47	8
47.480000000000004	8
47.49	8
47.5	8
47.51	8
47.52	8
47.53	8
47.54	8
47.550000000000004	8
47.56	9
47.57	8
47.58	8
47.59	8
47.6	8
47.61	8
47.62	8
47.63	8
47.64	8
47.65	8
47.660000000000004	8
47.67	8
47.68	8
47.69	8
47.7	8
47.71	8
47.72	8
47.730000000000004	8
47.74	9
47.75	9
47.76	9
47.77	9
47.78	9
47.79	9
47.800000000000004	9
47.81	9
47.82	9
47.83	9
47.84	9
47.85	9
47.86	9
47.870000000000005	9
47.88	9
47.89	9
47.9	9
47.910000000000004	9
47.92	9
47.93	9
47.94	9
47.95	9
47.96	9
47.97	9
47.980000000000004	9
47.99	9
48.0	9
48.01	9
48.02	9
48.03	9
48.04	9
48.050000000000004	9
48.06	9
48.07	9
48.08	9
48.09	9
48.1	9
48.11	9
48.120000000000005	9
48.13	9
48.14	9
48.15	9
48.160000000000004	9
48.17	9
48.18	9
48.19	9
48.2	9
48.21	9
48.22	9
48.230000000000004	9
48.24	9
48.25	9
48.26	9
48.27	9
48.28	9
48.29	9
48.300000000000004	9
48.31	9
48.32	9
48.33	9
48.34	9
48.35	9
48.36	9
48.370000000000005	9
48.38	9
48.39	9
48.4	9
48.410000000000004	9
48.42	9
48.43	9
48.44	9
48.45	9
48.46	10
48.47	10
48.480000000000004	10
48.49	10
48.5	10
48.51	10
48.52	10
48.53	10
48.54	10
48.550000000000004	10
48.56	10
48.57	10
48.58	10
48.59	10
48.6	10
48.61	10
48.620000000000005	10
48.63	10
48.64	10
48.65	9
48.660000000000004	9
48.67	9
48.68	9
48.69	9
48.7	9
48.71	8
48.72	8
48.730000000000004	8
48.74	8
48.75	9
48.76	9
48.77	9
48.78	9
48.79	9
48.800000000000004	9
48.81	9
48.82	9
48.83	9
48.84	9
48.85	9
48.86	9
48.870000000000005	9
48.88	9
48.89	9
48.9	9
48.910000000000004	9
48.92	9
48.93	9
48.94	9
48.95	9
48.96	9
48.97	9
48.980000000000004	9
48.99	9
49.0	9
49.01	9
49.02	8
49.03	8
49.04	8
49.050000000000004	8
49.06	8
49.07	8
49.08	8
49.09	8
49.1	8
49.11	8
49.120000000000005	8
49.13	8
49.14	8
49.15	8
49.160000000000004	8
49.17	8
49.18	8
49.19	8
49.2	8
49.21	8
49.22	8
49.230000000000004	8
49.24	8
49.25	8
49.26	8
49.27	8
49.28	8
49.29	8
49.300000000000004	8
49.31	8
49.32	8
49.33	8
49.34	8
49.35	8
49.36	8
49.370000000000005	8
49.38	8
49.39	8
49.4	8
49.410000000000004	8
49.42	8
49.43	8
49.44	8
49.45	8
49.46	8
49.47	8
49.480000000000004	8
49.49	8
49.5	8
49.51	8
49.52	8
49.53	8
49.54	8
49.550000000000004	8
49.56	8
49.57	8
49.58	8
49.59	8
49.6	8
49.61	8
49.620000000000005	8
49.63	8
49.64	8
49.65	8
49.660000000000004	8
49.67	8
49.68	8
49.69	8
49.7	8
49.71	8
49.72	8
49.730000000000004	8
49.74	8
49.75	8
49.76	8
49.77	8
49.78	8
49.79	8
49.800000000000004	8
49.81	8
49.82	8
49.83	8
49.84	8
49.85	8
49.86	8
49.870000000000005	8
49.88	8
49.89	8
49.9	8
49.910000000000004	8
49.92	9
49.93	9
49.94	9
49.95	9
49.96	9
49.97	9
49.980000000000004	9
49.99	9
